-2.061106393092129452e-01
-6.703112555533340400e-01
-7.355033146966364344e-01
-7.050360852910071419e-01
-7.279779542352735611e-01
-7.412480840977934138e-01
-7.214846881394533229e-01
-6.947966316311630086e-01
-6.803058176925501632e-01
-6.916367866329311553e-01
-7.228092053501876668e-01
-7.548122682522252491e-01
-7.716897369660052908e-01
-7.858455654272099578e-01
-7.901098193581571616e-01
-7.951361358780222321e-01
-7.925752978963950257e-01
-7.985959311121517690e-01
-7.983147446642216982e-01
-7.924729327565616099e-01
-7.869553670440752047e-01
-7.714303424677897425e-01
-7.499417748647866366e-01
-7.505414842330303538e-01
-7.457383569982862781e-01
-7.450473259404762905e-01
-7.443664258288353874e-01
-7.499653119401833434e-01
-7.493339113353454373e-01
-7.553535632251464627e-01
-7.536236096903220494e-01
-7.586855986683639363e-01
-7.586184684763249697e-01
-7.622488614210148894e-01
-7.698399148036524364e-01
-7.702403947250130445e-01
-7.739856169395840091e-01
-7.748559006710642461e-01
-7.791988179855739993e-01
-7.803621175362891460e-01
-7.808309725879394314e-01
-7.837003819721261033e-01
-7.842933486417397182e-01
-7.846091967268088441e-01
-7.871788549669009871e-01
-7.877573635160308729e-01
-7.881589808414891651e-01
-7.885336691571265266e-01
-7.907234061624586197e-01
-7.886506933526894469e-01
-7.928065368809651403e-01
-7.882982136047992361e-01
-7.899007784951593836e-01
-7.911992238968917901e-01
-7.893834839162138239e-01
-7.911220272791754660e-01
-7.879297364618360611e-01
-7.855335031588053241e-01
-7.820412780820709120e-01
-7.838645540561872682e-01
-7.867415848466539074e-01
-7.855583515363869784e-01
-7.841520665847149241e-01
-7.839401911214455287e-01
-7.759290104059829440e-01
-7.745663406922644878e-01
-7.728386244823023388e-01
-7.793454884253826487e-01
-7.876553486302956264e-01
-7.881662704280971710e-01
-7.896097916917702575e-01
-7.961766646080410403e-01
-7.964567880040591685e-01
-8.017882329901468985e-01
-8.020105023973995717e-01
-7.987955980694171343e-01
-7.981912727208481106e-01
-8.010371167635180756e-01
-7.968971901333209429e-01
-7.969799988048592576e-01
-7.976522777498382677e-01
-7.944157098986438514e-01
-7.924788962934434799e-01
-7.974575333988543901e-01
-7.956617996864712161e-01
-7.968506948235108966e-01
-7.977203265907838459e-01
-7.972798980388444701e-01
-7.990465545162712679e-01
-7.970737550676483263e-01
-7.950484930854482268e-01
-7.969363227332990629e-01
-7.942344509449201784e-01
-7.977790666609695380e-01
-7.973287990412760706e-01
-7.984597013168728274e-01
-7.969554558242719633e-01
-7.959887305485833231e-01
-7.958303198371965426e-01
-7.989497111015713138e-01
-7.997153542705417451e-01
-8.002652783983761342e-01
-8.009392244299662345e-01
-8.022426250054663921e-01
-8.008290535395907739e-01
-8.010185133550584702e-01
-8.028714798160434540e-01
-8.014108606220520237e-01
-8.016779834462195442e-01
-8.013116133581731360e-01
-7.987710913432013449e-01
-7.999808210687539001e-01
-7.978725543956166621e-01
-7.973260762765235210e-01
-8.006690390331229201e-01
-7.998580920327570398e-01
-7.994970783744890230e-01
-8.022687539611894625e-01
-8.022566781830542393e-01
-8.039366873269228053e-01
-8.057159056368562444e-01
-8.052243326128143419e-01
-8.070651126891067451e-01
-8.058568540307664563e-01
-8.058745221993357521e-01
-8.054769297236019643e-01
-8.089807353068872997e-01
-8.057731113482996532e-01
-8.038485056346225122e-01
-8.046512677497470456e-01
-8.044757529632332593e-01
-8.077552582799774061e-01
-8.029596658097100104e-01
-8.028573000553956840e-01
-8.077475594491073663e-01
-8.057157053160912685e-01
-8.065595301156190944e-01
-8.078380583487835276e-01
-8.086952229136044057e-01
-8.116005425600661960e-01
-8.151743848299243256e-01
-8.143668260770974276e-01
-8.139311628243357521e-01
-8.161237897332181968e-01
-8.114281935790150779e-01
-8.125466145190995970e-01
-8.163580396740707235e-01
-8.125327180341347377e-01
-8.114159863019726471e-01
-8.089173221096550570e-01
-8.139450869609400341e-01
-8.115742212718295434e-01
-8.160806703813296981e-01
-8.148867997926535489e-01
-8.144297433882644599e-01
-8.142117593706268419e-01
-8.140080331527080881e-01
-8.102103969485489054e-01
-8.117705786351075981e-01
-8.100899414917857033e-01
-8.105243327691382671e-01
-8.148866652213421213e-01
-8.146680304684590368e-01
-8.113478778563824045e-01
-8.117191011143713997e-01
-8.176560070096832167e-01
-8.211709986027982966e-01
-8.190197797165703619e-01
-8.174274483906853739e-01
-8.188748501010776337e-01
-8.147129846602371162e-01
-8.197188334366709572e-01
-8.180560930488035565e-01
-8.112085781146570751e-01
-8.123658877058127503e-01
-8.156093696958011119e-01
-8.236850358776210967e-01
-8.223726325428363237e-01
-8.229569319597224153e-01
-8.150574325286236155e-01
-8.170966106591764921e-01
-8.167213183088400941e-01
-8.153650201473039427e-01
-8.171508422831899043e-01
-8.166813192908296548e-01
-8.182701640522357378e-01
-8.159112401844299534e-01
-8.157042185055840555e-01
-8.233000230543392473e-01
-8.175257554988271114e-01
-8.211855402926808711e-01
-8.226609862956804076e-01
-8.198983964231825183e-01
-8.228457404166152900e-01
-8.202156381508738381e-01
-8.180222505146694800e-01
-8.293408751487731934e-01
-8.230480766787970914e-01
-8.267746020838157017e-01
-8.221080370785034397e-01
-8.177424380459736852e-01
-8.213023746136537406e-01
-8.194362428999438785e-01
-8.215415379435745402e-01
-8.288717472676149223e-01
-8.265773961224507360e-01
-8.232914141772949002e-01
-8.258728298944296720e-01
-8.224452697124677858e-01
-8.204614913340696480e-01
-8.197779759918291109e-01
-8.253812009526282356e-01
-8.312200946906178611e-01
-8.303120707728198768e-01
-8.262648815961227688e-01
-8.295110931101533636e-01
-8.247611461226472818e-01
-8.222519368240513993e-01
-8.285530369306347565e-01
-8.224236430581083335e-01
-8.235796431905215709e-01
-8.253100053551271076e-01
-8.210070944323981657e-01
-8.296908416698888233e-01
-8.233117160108900379e-01
-8.163092314582509612e-01
-8.192854388472959881e-01
-8.281554678051742391e-01
-8.318914070571821195e-01
-8.257255074904137349e-01
-8.220475936673351525e-01
-8.219453280734032585e-01
-8.247412056038060379e-01
-8.251678132519280062e-01
-8.282995051944378462e-01
-8.295039184314688674e-01
-8.278885004446678852e-01
-8.270271236134558723e-01
-8.244165876477035360e-01
-8.381566466744413413e-01
-8.343550372369510360e-01
-8.324361769194456029e-01
-8.268079954324308867e-01
-8.247225800740349833e-01
-8.286570544095382962e-01
-8.251336812973022461e-01
-8.260749805833875747e-01
-8.273031066373451869e-01
-8.267981999928188941e-01
-8.304505968831249474e-01
-8.240518023058310826e-01
-8.198949534868457123e-01
-8.314002174692055602e-01
-8.270277251902314886e-01
-8.112672327720013010e-01
-8.176211044960415286e-01
-8.138220175025389080e-01
-8.379197077652842385e-01
-8.332606695361972626e-01
-8.404735683165874827e-01
-8.260711118118050367e-01
-8.286581967294830431e-01
-8.518937863025468626e-01
-8.099355875831288909e-01
-8.098644964473763475e-01
-8.023870722534730549e-01
-8.233301203275463775e-01
-8.393153148828093046e-01
-8.383935235210300263e-01
-8.220965923722257651e-01
-8.199050868909383283e-01
-8.387208421205737396e-01
-8.268530633031707655e-01
-8.297020958870956475e-01
-8.355859364430928693e-01
-8.334641548776134945e-01
-8.163093635716389684e-01
-8.386196573984991964e-01
-8.158782284284374908e-01
-8.370347164340854462e-01
-8.352888054454449263e-01
-8.356949723872941771e-01
-8.540600710308429155e-01
-8.103581298257886978e-01
-8.417800031986433229e-01
-8.459575870602401571e-01
-8.172301570164788309e-01
-8.662922849360200628e-01
-8.648722724816233498e-01
-8.399470860196143196e-01
-8.199069715037787809e-01
-8.431876627440305638e-01
-8.564591635133802505e-01
-8.243210629089591235e-01
-8.555526671950349771e-01
-8.450476736137547684e-01
-8.201007812293534815e-01
-8.535341454535415595e-01
-8.273834690605241793e-01
-8.480353533607167815e-01
-8.357720878935351871e-01
-8.181396182050409971e-01
-8.095598607948145675e-01
-8.399109232057001551e-01
-8.346550065217558378e-01
-8.411313553446346791e-01
-8.230376065391855622e-01
-8.369940967903923834e-01
-8.629649226198491396e-01
-8.476633951836025638e-01
-8.445423970517423884e-01
-8.785773202316048414e-01
-8.746171747286295428e-01
-8.804897684411904235e-01
-8.611321387831697427e-01
-8.629218186299825177e-01
-8.678304043012795566e-01
-8.450118610539387731e-01
-8.426073734293278994e-01
-8.364948390685406077e-01
-8.323092055074947648e-01
-8.569256896825180325e-01
-8.735527371622852089e-01
-8.559741513016297931e-01
-8.612085218282089505e-01
-8.733607745662177457e-01
-8.575251981155159742e-01
-8.424269581578441857e-01
-8.513943841776896448e-01
-8.736029746606177593e-01
-8.744201776907616352e-01
-8.578862271358057567e-01
-8.854787540189998918e-01
-8.857255043442716635e-01
-8.697488596758891077e-01
-8.317742194097066388e-01
-8.285653185598629289e-01
-8.348517571527933612e-01
-8.217332547472924187e-01
-8.641308269549891063e-01
-8.554606259483652497e-01
-8.558425208956924601e-01
-8.196630625380683099e-01
-8.386770916968276923e-01
-8.531997154668434780e-01
-8.416820869003374117e-01
-8.275811758238015292e-01
-8.407029374358579998e-01
-8.499715524850431914e-01
-8.666109872847488349e-01
-8.564465420762288339e-01
-8.432971183786687197e-01
-8.510554383710488002e-01
-8.320767645983352390e-01
-8.702678950791505885e-01
-8.257388620032477533e-01
-8.227731216814100357e-01
-8.416529193366926176e-01
-8.476819844590020026e-01
-8.348408765399578657e-01
-8.355625499155103775e-01
-8.487045844805609640e-01
-8.409690586562009740e-01
-8.399236398873869414e-01
-8.482536562939280156e-01
-8.642320669803422728e-01
-8.440742111697638883e-01
-8.458950482692915163e-01
-8.474197953017716944e-01
-8.561383092526307914e-01
-8.753907637497813088e-01
-8.552372191370147814e-01
-8.515313685554819489e-01
-8.578222338686284365e-01
-8.378874487483624067e-01
-8.387876294322849091e-01
-8.435924827438039397e-01
-8.676647943319734102e-01
-8.634126856155002194e-01
-8.537003471679294186e-01
-8.481308406161278679e-01
-8.310505944428984160e-01
-8.151911091558712297e-01
-8.223766027037630044e-01
-8.374046879945341582e-01
-8.476800801827735210e-01
-8.246799830308894075e-01
-8.527498245239257812e-01
-8.437738191221177964e-01
-8.531295104125111717e-01
-8.602689602940353231e-01
-8.446544119992207555e-01
-8.469207938184443174e-01
-8.531364970600482378e-01
-8.380927185422366588e-01
-8.328434425530973906e-01
-8.564093752005665916e-01
-8.280039116279366285e-01
-8.131314257985537974e-01
-8.587494738323172561e-01
-8.474866489774173228e-01
-8.416284015498209925e-01
-8.385519446785917319e-01
-8.459701648692494746e-01
-8.597243028817717070e-01
-8.568575683328294446e-01
-8.526498288223424149e-01
-8.501470709584423302e-01
-8.593935136942519870e-01
-8.479963086315036591e-01
-8.593977075262168031e-01
-8.506517514740068453e-01
-8.325701810649990264e-01
-8.694220375768917375e-01
-8.682019907174650664e-01
-8.763015522170312099e-01
-8.748225403815200751e-01
-8.571632240236419786e-01
-8.402802053186082532e-01
-8.614506832103139278e-01
-8.681080120125996835e-01
-8.431637397746449825e-01
-8.501368048264807964e-01
-8.447924397655368622e-01
-8.534943068150392387e-01
-8.516031134988844009e-01
-8.365357124928346488e-01
-8.238951606848805564e-01
-8.414697235392540886e-01
-8.493096730143753215e-01
-8.586195049826631509e-01
-8.604871624523831031e-01
-8.573835344658684576e-01
-8.464095223810255142e-01
-8.501333090447887875e-01
-8.650538798460026824e-01
-8.720490348707768957e-01
-8.628039771748572395e-01
-8.675440236465218335e-01
-8.690808562888312494e-01
-8.771974186307376353e-01
-8.850245113225326810e-01
-8.627873247431725456e-01
-8.219090964376312147e-01
-8.485478101317415200e-01
-8.520340937929055114e-01
-8.559105801828128524e-01
-8.468769211130043884e-01
-8.436173409530797196e-01
-8.469050317695460128e-01
-8.492514349750637237e-01
-8.473448980714857193e-01
-8.504201456443550855e-01
-8.610188487878779329e-01
-8.526922273881656356e-01
-8.492220554155173184e-01
-8.429037080597632237e-01
-8.462783620529568118e-01
-8.486798043103561673e-01
-8.508415295905673581e-01
-8.577053159782567215e-01
-8.735084779483756057e-01
-8.572115302085876465e-01
-8.637240535205172876e-01
-8.587894464276500939e-01
-8.541436428876266751e-01
-8.301823624630564336e-01
-8.386167730252767072e-01
-8.462175560980728095e-01
-8.466907364805948966e-01
-8.617594641508515840e-01
-8.530135806073847471e-01
-8.597568734404966717e-01
-8.435735051164922060e-01
-8.640154606288241723e-01
-8.567195178307208669e-01
-8.593101999194351359e-01
-8.645614447052946128e-01
-8.632941885092824119e-01
-8.553898481978583490e-01
-8.665762322465169198e-01
-8.671310058574086543e-01
-8.588605486240583620e-01
-8.669805170334491384e-01
-8.709049028219636446e-01
-8.709225384230466771e-01
-8.667231601538117891e-01
-8.587514715096384865e-01
-8.597985327858286286e-01
-8.657975399617067191e-01
-8.710511867533025088e-01
-8.699203938553013993e-01
-8.692232775933963485e-01
-8.709112264446376983e-01
-8.695916201650482069e-01
-8.733427137443700028e-01
-8.709044929632206999e-01
-8.655588301186708522e-01
-8.746371189343560282e-01
-8.715156494956655120e-01
-8.757276166345655533e-01
-8.713749745457443074e-01
-8.782274077848061244e-01
-8.721604156739932723e-01
-8.797894144795604943e-01
-8.822483905811899785e-01
-8.733479583386293266e-01
-8.686275463743308167e-01
-8.789144066191211246e-01
-8.753379454317781194e-01
-8.820307015143719065e-01
-8.795023677275353169e-01
-8.871304706199881762e-01
-8.829419901690531702e-01
-8.698006518108328811e-01
-8.710255192727157647e-01
-8.751620416788711276e-01
-8.833199266305903352e-01
-8.691370683847013945e-01
-8.624859790212100474e-01
-8.633059816262156350e-01
-8.639834682966015533e-01
-8.583073806516903215e-01
-8.702919323419787689e-01
-8.787057239984729096e-01
-8.639645447436067327e-01
-8.488835827591493244e-01
-8.652427804838750403e-01
-8.668711535709420213e-01
-8.797847659317488134e-01
-8.881099340841942524e-01
-8.779978278985957063e-01
-8.925452023437342453e-01
-8.846544457465103095e-01
-8.689559962331634413e-01
-8.622480987273540842e-01
-8.783987662226883097e-01
-8.749921358737748900e-01
-8.736192258362917018e-01
-8.896885354494311615e-01
-8.760905867999362329e-01
-8.626282000050102816e-01
-8.470086074367011442e-01
-8.515854938743040448e-01
-8.651473294828355698e-01
-8.375568678698588343e-01
-8.659807701700741323e-01
-8.628441568502446257e-01
-8.662822904046049155e-01
-8.639863993703704725e-01
-8.747620828372916213e-01
-8.669669996831834702e-01
-8.646502150702721767e-01
-8.828572188456034198e-01
-8.874370074763739957e-01
-8.883069655329910441e-01
-8.884713176599482454e-01
-8.824245812966651226e-01
-8.750022330234960011e-01
-8.772215296312705357e-01
-8.665718909391423308e-01
-8.791907964293489419e-01
-8.749002943333891169e-01
-8.739038539915969794e-01
-8.908526891285610816e-01
-8.792900707303863417e-01
-8.947649807045140458e-01
-8.903377824222918901e-01
-8.750025611562827210e-01
-8.985242511808257948e-01
-8.977810021528264128e-01
-8.897566543411963291e-01
-8.809125269811177716e-01
-8.553003121897116978e-01
-8.659485947225511460e-01
-8.611056528140589306e-01
-8.499480240123787889e-01
-8.513672388706010619e-01
-8.605895693769159971e-01
-8.659644348105204337e-01
-8.744173338732768030e-01
-8.643333961054221470e-01
-8.727396917097347551e-01
-8.799927425138729387e-01
-8.821491648241416295e-01
-8.823688368207400767e-01
-8.829543332463687388e-01
-8.813170397404542777e-01
-8.723295718124232101e-01
-8.622408109841886992e-01
-8.635384360539544168e-01
-8.593389256713316326e-01
-8.728749057681289836e-01
-8.587322898746765354e-01
-8.675272968626513981e-01
-8.790524331564756322e-01
-8.721561745270011157e-01
-8.633825858843695578e-01
-8.664090995936050144e-01
-8.756573661086485272e-01
-8.605548708709245265e-01
-8.676297136188781955e-01
-8.719987893841930626e-01
-8.646435055536093595e-01
-8.834600712835174452e-01
-8.619743855958131862e-01
-8.568208322082597750e-01
-8.775700662553924669e-01
-8.793529653057610140e-01
-9.077995376488596779e-01
-9.048723732073282733e-01
-9.036680128156524550e-01
-8.999668298308381997e-01
-9.103022967417215838e-01
-9.052747162346986842e-01
-9.021427612943747620e-01
-8.957649487810036559e-01
-8.818537642046347935e-01
-8.945626763953375971e-01
-9.011196106979527665e-01
-9.032623356150597527e-01
-9.013283043792567062e-01
-8.978010243976238813e-01
-8.914962804194578316e-01
-8.854547413354066920e-01
-8.947749266919401423e-01
-9.008311420371851730e-01
-9.042107026601574615e-01
-9.004921993029486593e-01
-9.005743879632851501e-01
-8.950547330158272752e-01
-8.906785139103525761e-01
-8.905210531863969603e-01
-8.844133892010167530e-01
-8.751544196581103607e-01
-8.717863184889567130e-01
-8.732419376520766940e-01
-8.611928199984363319e-01
-9.046834725694558044e-01
-8.916477001819413939e-01
-8.952577544241836494e-01
-8.883248807228717459e-01
-8.860704794372480375e-01
-8.922977195572607823e-01
-9.005486129485454905e-01
-9.028423158163877416e-01
-9.017029601274076933e-01
-8.958301458162131192e-01
-9.035775894971237454e-01
-8.918025008181935664e-01
-8.917983954714745476e-01
-8.897298826384789638e-01
-8.910979026371670386e-01
-8.869634117047811017e-01
-8.791994987074861490e-01
-9.031281317632222638e-01
-8.850666253837113917e-01
-8.992379455222296869e-01
-8.966002593335417048e-01
-8.972844493757817785e-01
-8.914913934530671602e-01
-8.955169449147489802e-01
-8.902447389573165948e-01
-8.883576958449845851e-01
-8.862809692461466327e-01
-8.901808704297566877e-01
-8.859347885416954949e-01
-8.918182167810263516e-01
-8.907736183441791189e-01
-8.821541925066525014e-01
-8.740354407693922134e-01
-8.768410080486965796e-01
-8.910102420246478472e-01
-8.672741080067821740e-01
-8.811834479115673302e-01
-8.781368714017966370e-01
-8.811623152998304676e-01
-8.855905489823252541e-01
-8.857683699155590729e-01
-8.893298678791400347e-01
-8.893907057870295008e-01
-8.863719953704125576e-01
-8.822952386030217253e-01
-8.896746199155590729e-01
-8.862367475155702445e-01
-8.785871679020911262e-01
-8.972136003454935782e-01
-8.989740984956013925e-01
-8.995385016362691388e-01
-8.976643122348588744e-01
-8.984117372748777752e-01
-8.969143506177922331e-01
-8.919551507713868732e-01
-8.958153736960027258e-01
-8.923556521995780200e-01
-8.910539783153337279e-01
-8.930171205825412351e-01
-8.935539482795086252e-01
-8.929076379107445671e-01
-9.047667291975513004e-01
-9.002933557500544248e-01
-8.952266653788458761e-01
-9.029466749466571462e-01
-8.883265668583899544e-01
-8.870414999342456364e-01
-9.029004340319289890e-01
-9.096530374792433093e-01
-9.075553908790510160e-01
-9.039719393572855921e-01
-9.019995491529247955e-01
-9.057633188581958317e-01
-9.069357889214741952e-01
-9.064439608878696042e-01
-9.079773788599624362e-01
-9.107369000149756477e-01
-9.120944185355275291e-01
-9.125193265295520328e-01
-9.142415855348724474e-01
-9.129013032028355790e-01
-9.127938802709284483e-01
-9.121606724778401620e-01
-9.118909116872807585e-01
-9.109114131976648876e-01
-9.038547228292092006e-01
-9.019634256657865778e-01
-8.989150112437218620e-01
-9.110101965284839176e-01
-9.131529066980499376e-01
-9.138797644487360872e-01
-9.149710001404752768e-01
-9.150501225412506212e-01
-9.149071598790355919e-01
-9.163140728301608640e-01
-9.097647513310933576e-01
-9.045713703656933502e-01
-9.165056009882504018e-01
-9.113115871075502250e-01
-9.105862993554970641e-01
-9.135973422797685206e-01
-9.134439162372314236e-01
-9.138178702482243621e-01
-9.126477831417751929e-01
-9.120209573470440256e-01
-9.112565707914608293e-01
-9.076013946041618929e-01
-8.999222344958904829e-01
-9.049870900272094509e-01
-9.162767037902910250e-01
-9.144489359609859758e-01
-9.143610098927291707e-01
-9.141437988920310120e-01
-9.229090355106235322e-01
-9.268404564906641552e-01
-9.283133689890202822e-01
-9.265383451255326808e-01
-9.263217436898615320e-01
-9.233104119595793025e-01
-9.225696761583545014e-01
-9.234520368969317827e-01
-9.228756728860521008e-01
-9.206055820602732087e-01
-9.201736708277279408e-01
-9.181178285903537351e-01
-9.189858934313980265e-01
-9.178697583601647114e-01
-9.182904202913501068e-01
-9.178224888044533847e-01
-9.173591720689203699e-01
-9.168718592407777424e-01
-9.164355686030436487e-01
-9.157943320028560930e-01
-9.154814696803534879e-01
-9.149262567156368764e-01
-9.130614578109426116e-01
-9.122500560947299775e-01
-9.110393745383036368e-01
-9.108750955345704670e-01
-9.082693684961378189e-01
-9.061910116795411918e-01
-9.149076207396910076e-01
-9.307310919171756236e-01
-9.322904028843358448e-01
-9.282487913505318433e-01
-9.277912200111704255e-01
-9.297045082161107254e-01
-9.329264975085700407e-01
-9.350901424270314788e-01
-9.365066504970038785e-01
-9.362623193829330281e-01
-9.361535790040320659e-01
-9.353986615987167630e-01
-9.352452546050867843e-01
-9.350280651112192754e-01
-9.341525564488676325e-01
-9.331437337029840906e-01
-9.313840558848429652e-01
-9.334202519397145625e-01
-9.354551213303792245e-01
-9.384157338093236378e-01
-9.388445830836738004e-01
