-2.733983004888154711e-02
-1.034481883740302199e-01
-2.548899351014304315e-01
-4.422803935930900709e-01
-5.597914524914062717e-01
-6.219351678779444503e-01
-6.522470270235514178e-01
-6.693946399639562062e-01
-6.820214403044316809e-01
-6.923228852527657518e-01
-7.006019446038708187e-01
-7.025080108150993929e-01
-7.098704183224550102e-01
-7.153657330680138760e-01
-7.141443957987519964e-01
-7.180759624107596606e-01
-7.177565294442717070e-01
-7.163472771644592285e-01
-7.153924101406765601e-01
-7.132142941976330475e-01
-7.139820782179685521e-01
-7.123653532303485525e-01
-7.120800755687595185e-01
-7.112530875451785750e-01
-7.143842239969784291e-01
-7.156433788771482396e-01
-7.133977794155632601e-01
-7.202659021947801499e-01
-7.261941992130476198e-01
-7.253395300550559144e-01
-7.313363066653615352e-01
-7.318125348730185609e-01
-7.373853620794630359e-01
-7.417082983193937773e-01
-7.465759220811509778e-01
-7.490588279114556158e-01
-7.543617413216030521e-01
-7.541195842408642269e-01
-7.578645029018834522e-01
-7.587345912284457761e-01
-7.652811113092088391e-01
-7.654444409399917548e-01
-7.669363968151131639e-01
-7.692740369088870711e-01
-7.721856285616294224e-01
-7.759571425693551072e-01
-7.730565722455683408e-01
-7.762686954331152744e-01
-7.775950364230834744e-01
-7.788124809560087458e-01
-7.802527651344377535e-01
-7.792127169284623900e-01
-7.820300324675962811e-01
-7.828890257274981890e-01
-7.807141904978408542e-01
-7.820978773008916418e-01
-7.835028306725099201e-01
-7.848884918026088897e-01
-7.839962508260589491e-01
-7.858287304947056962e-01
-7.847570715491304361e-01
-7.863484104884039816e-01
-7.867609385362605012e-01
-7.869930734339448675e-01
-7.860936799000218800e-01
-7.863609784657192847e-01
-7.869749812735724603e-01
-7.844285504105165119e-01
-7.838355284376242738e-01
-7.836877162923517881e-01
-7.841302635743445659e-01
-7.857685457799852280e-01
-7.846766077366071901e-01
-7.834996968200526046e-01
-7.839414587954884883e-01
-7.845091279020014463e-01
-7.816405419221857942e-01
-7.821326679790142622e-01
-7.817185736194098844e-01
-7.819224682050881503e-01
-7.811382081090789686e-01
-7.802872141611945089e-01
-7.769954266007413901e-01
-7.782633212423816227e-01
-7.802297448374561073e-01
-7.760325492042856599e-01
-7.764114424125435621e-01
-7.781049277364593397e-01
-7.760920493873124659e-01
-7.741002975050935708e-01
-7.714860635934416289e-01
-7.692574330211914280e-01
-7.700804263046107101e-01
-7.684206434131897190e-01
-7.665400283852803476e-01
-7.620714964325895346e-01
-7.651556724125576636e-01
-7.600250993807291522e-01
-7.591133265151190912e-01
-7.589858358668297722e-01
-7.529257382314229474e-01
-7.537028144315346401e-01
-7.506661746919769396e-01
-7.468030047170894914e-01
-7.462647956671174532e-01
-7.459968838495077970e-01
-7.481073472917694200e-01
-7.443613999897671363e-01
-7.433061077422702390e-01
-7.436900335488859648e-01
-7.411294284555101086e-01
-7.405814233514451672e-01
-7.407464501784020161e-01
-7.425106278399831172e-01
-7.429487821982079243e-01
-7.408805415802395267e-01
-7.447845259892571512e-01
-7.435499067159042630e-01
-7.443274867903325598e-01
-7.427937271668738628e-01
-7.429254356118821789e-01
-7.446396867024529520e-01
-7.477628588676452637e-01
-7.464270081716714023e-01
-7.461362438103587014e-01
-7.502940837869939150e-01
-7.529505005816823360e-01
-7.459352188503619585e-01
-7.479463963164496576e-01
-7.502736142001200648e-01
-7.467313611630311820e-01
-7.518757004098793884e-01
-7.493942846956941350e-01
-7.497779923615995878e-01
-7.523113734943350783e-01
-7.533511513287258765e-01
-7.541480390066953587e-01
-7.532917039910542734e-01
-7.550781049679234913e-01
-7.531770240400255112e-01
-7.560710335515209435e-01
-7.541565796763626262e-01
-7.563730933002590362e-01
-7.584134278838167154e-01
-7.572771445992066974e-01
-7.569804830649464744e-01
-7.575628517829265940e-01
-7.586069303689543242e-01
-7.594428216059183612e-01
-7.596265692071816344e-01
-7.581683059328609975e-01
-7.609815935498660533e-01
-7.587281907956624494e-01
-7.597148848563125556e-01
-7.620516677492672475e-01
-7.616723308858183161e-01
-7.641009792839128512e-01
-7.626411374082270322e-01
-7.631189251683422325e-01
-7.641042434063154420e-01
-7.640942476459384736e-01
-7.655264348098912430e-01
-7.670623905879935256e-01
-7.647946864059290695e-01
-7.658473351567062215e-01
-7.673087802129922030e-01
-7.669338307429834911e-01
-7.664193787525609425e-01
-7.646065888945589029e-01
-7.656133574308808809e-01
-7.687102328870714096e-01
-7.692840025597011966e-01
-7.676697170611509469e-01
-7.698106624416469757e-01
-7.703493864265913427e-01
-7.711553622766867955e-01
-7.697701411148936135e-01
-7.707049938821300961e-01
-7.701607272797024173e-01
-7.702366476206435886e-01
-7.695565936491661763e-01
-7.730141878128051758e-01
-7.694193309115380242e-01
-7.713252121640234993e-01
-7.730434721278161003e-01
-7.743311235585164098e-01
-7.736174464225769043e-01
-7.742545180714007769e-01
-7.709929678857940782e-01
-7.730271318524154500e-01
-7.723168798328674534e-01
-7.733581459399351266e-01
-7.740345744742560541e-01
-7.758239759612328701e-01
-7.724183724098598880e-01
-7.740738103070210485e-01
-7.748086354167190715e-01
-7.749752039761886868e-01
-7.742421713071999667e-01
-7.761614162897326752e-01
-7.740531809551199904e-01
-7.758286226656019302e-01
-7.784143028800020181e-01
-7.789807553143844876e-01
-7.761235710271855437e-01
-7.787901918912670807e-01
-7.765549906750315312e-01
-7.774584483854549699e-01
-7.779732868843471927e-01
-7.761150149954962885e-01
-7.779871839837929626e-01
-7.770113078589292455e-01
-7.772072737978905632e-01
-7.815229069326341538e-01
-7.793225344923353504e-01
-7.783757503499689756e-01
-7.832339694819498987e-01
-7.779958082228591865e-01
-7.803393620805642028e-01
-7.803368482393088224e-01
-7.815581222170406850e-01
-7.820194062498426746e-01
-7.793623565398540842e-01
-7.807155312951078452e-01
-7.806211574790403729e-01
-7.815478118424562526e-01
-7.805379745886498188e-01
-7.809426206903359313e-01
-7.814726313364874777e-01
-7.834752484695198804e-01
-7.842432918007841147e-01
-7.827275284786814336e-01
-7.822926345559739758e-01
-7.818226513174391101e-01
-7.836882078770509574e-01
-7.849872990981819898e-01
-7.840257569686653882e-01
-7.844471630361891101e-01
-7.841847944505435652e-01
-7.836651531691404271e-01
-7.846451881005591655e-01
-7.839678575083152134e-01
-7.860873796276210967e-01
-7.829658899110617520e-01
-7.857337962720811753e-01
-7.866254786855166881e-01
-7.829159651834940448e-01
-7.875150528150735019e-01
-7.859483035569337916e-01
-7.854948596856028420e-01
-7.852658100963867405e-01
-7.852411184114279630e-01
-7.859868216760379500e-01
-7.864917615025314168e-01
-7.861825737756552579e-01
-7.871846151106136613e-01
-7.865909540776124809e-01
-7.880608715961888722e-01
-7.880783228530097162e-01
-7.869910081637274679e-01
-7.857082953158113225e-01
-7.868269817116334552e-01
-7.861277928057405218e-01
-7.843286776051079379e-01
-7.844198327703574281e-01
-7.847901527414616885e-01
-7.864692272599210776e-01
-7.871234029838719559e-01
-7.862845954206800769e-01
-7.874168821216858127e-01
-7.880760566475465412e-01
-7.872283028573104913e-01
-7.900807556417799304e-01
-7.877595744182154247e-01
-7.859461565607601674e-01
-7.875101050150763449e-01
-7.860080034462446630e-01
-7.899448631965008127e-01
-7.889563736227369617e-01
-7.890418184172246496e-01
-7.883335401102439244e-01
-7.889395141109978304e-01
-7.886083384150082143e-01
-7.902245232739399938e-01
-7.885607831256905564e-01
-7.896128309141728918e-01
-7.881434682718256868e-01
-7.903303215184163122e-01
-7.880639083606680861e-01
-7.880616519868988146e-01
-7.891727685928344727e-01
-7.898928959345080658e-01
-7.873675890804565647e-01
-7.890600396185806220e-01
-7.866246540521838471e-01
-7.893792249492763702e-01
-7.899247328030694071e-01
-7.890290814576689238e-01
-7.891207558592570059e-01
-7.883580025938368152e-01
-7.896374058477657609e-01
-7.883603007523054540e-01
-7.881741665073276337e-01
-7.881979911597734034e-01
-7.905796643384953581e-01
-7.902061736460813668e-01
-7.865662771401945585e-01
-7.888429914553141131e-01
-7.888575183976557215e-01
-7.892696027903213229e-01
-7.899593415948533703e-01
-7.903264576626807258e-01
-7.890674090877021207e-01
-7.889409237301227007e-01
-7.890650003226762355e-01
-7.878062497709215073e-01
-7.903228746247046299e-01
-7.891909590701466914e-01
-7.900090573989239084e-01
-7.895869305453349085e-01
-7.894912048713448316e-01
-7.878635636309987422e-01
-7.866162325918060194e-01
-7.884168379085579881e-01
-7.896514147827305985e-01
-7.914026865025156621e-01
-7.906874215479978707e-01
-7.900335137377080263e-01
-7.892660523198314904e-01
-7.899411769257378424e-01
-7.893329004651492564e-01
-7.885702596497290440e-01
-7.908056249323579534e-01
-7.903041907192505100e-01
-7.902415327190124295e-01
-7.903887217806786492e-01
-7.920585483619847489e-01
-7.908358199080240958e-01
-7.922923140919085894e-01
-7.921578005417105883e-01
-7.914544970718855321e-01
-7.921871659681969380e-01
-7.924456854456478627e-01
-7.942917303940684182e-01
-7.912047001504406429e-01
-7.929100695344590832e-01
-7.912646697968551690e-01
-7.921574072739512307e-01
-7.931027990026572327e-01
-7.936392205277669198e-01
-7.932896085621155002e-01
-7.937887126637488411e-01
-7.953762197002922640e-01
-7.919756591934519196e-01
-7.912527654588836779e-01
-7.921609036701241502e-01
-7.923436816205683408e-01
-7.922670957968407368e-01
-7.945662540258821016e-01
-7.946202558340486055e-01
-7.934882204557202057e-01
-7.938565937514158177e-01
-7.941310712971638708e-01
-7.938438285257398697e-01
-7.943466447063327607e-01
-7.954501632562617219e-01
-7.932075102304675385e-01
-7.947601448629320053e-01
-7.972740844352957934e-01
-7.925088964786726198e-01
-7.935334745141648938e-01
-7.950766615031921170e-01
-7.948456756847420701e-01
-7.954387597202026150e-01
-7.956509418094280806e-01
-7.953500403571374111e-01
-7.935356823439451146e-01
-7.952939345664584714e-01
-7.965845908086324201e-01
-7.968392236945555096e-01
-7.962806814724636695e-01
-7.960860993444305311e-01
-7.965705198110993868e-01
-7.958155053178059823e-01
-7.959706678832929594e-01
-7.968269942962017405e-01
-7.962928303738230351e-01
-7.944092480177732396e-01
-7.955990796236648288e-01
-7.960020678559529550e-01
-7.986987054962473298e-01
-8.003899270726233528e-01
-7.954107922377046114e-01
-7.973907282671977015e-01
-7.992101711096223360e-01
-7.972430082940563656e-01
-7.966417172520431356e-01
-7.959403426376814306e-01
-7.987627473074135898e-01
-7.987908727114962915e-01
-7.979088677573449306e-01
-7.980644733635420263e-01
-8.001325493006362644e-01
-7.980745231982359078e-01
-7.984033792289262355e-01
-7.993161573852460844e-01
-7.991981819732901782e-01
-7.995047096124628938e-01
-7.980786979812937165e-01
-7.970163502644017628e-01
-7.982403556096184793e-01
-7.985095818018176361e-01
-7.996562074140175502e-01
-7.987480378642524137e-01
-7.978886740723836191e-01
-7.972825716451271694e-01
-7.988751463054382107e-01
-7.980111923414406894e-01
-7.981513179454606810e-01
-8.002764005021950622e-01
-7.981522107861706017e-01
-7.975230868329706846e-01
-7.958416957216164489e-01
-7.994637728966388357e-01
-7.978155195098561858e-01
-7.977932593257156535e-01
-7.999911216116443180e-01
-7.990262834067197728e-01
-7.988235796849751935e-01
-7.979536492799975678e-01
-7.992686340489338903e-01
-8.004378406042905736e-01
-7.980573404695570083e-01
-7.988043028054777617e-01
-8.001008107490146237e-01
-7.967454483828593226e-01
-7.982885530314494105e-01
-7.990592275698160663e-01
-7.981450993990161225e-01
-7.989770155592063050e-01
-7.984350243794549051e-01
-7.978919719912341835e-01
-7.998346962879613331e-01
-7.988159380008265087e-01
-7.982271313667297363e-01
-8.000275099400392387e-01
-7.988941263906734758e-01
-7.984906772977298228e-01
-7.991362908451827840e-01
-7.996921287369482823e-01
-7.999248135950147720e-01
-7.999878132466188285e-01
-8.003927776493977575e-01
-7.993039415054714603e-01
-8.004062655045813823e-01
-7.986555136356157103e-01
-7.979463584644278518e-01
-8.002492189407348633e-01
-7.984236331330132330e-01
-7.989843155919891249e-01
-8.000423619427632360e-01
-7.999605647067433711e-01
-7.997902220057457878e-01
-7.980880221140753683e-01
-7.994514967977386366e-01
-7.985705610403081023e-01
-7.991164117744288253e-01
-7.994470172321673784e-01
-7.983204150937267540e-01
-8.001914540516961161e-01
-7.985128963116517875e-01
-7.992002853413218144e-01
-8.000151011132702328e-01
-7.969059802822231475e-01
-7.996759187314927964e-01
-7.987813212207912628e-01
-7.996300477342507262e-01
-8.000137904255660848e-01
-7.983602893721196692e-01
-7.983242187303366544e-01
-7.995616283613381503e-01
-7.999886335785856284e-01
-7.995696289023173087e-01
-7.993870156327473886e-01
-7.993637993163669186e-01
-7.978889616494325709e-01
-8.003652704130742590e-01
-8.004514814652118337e-01
-8.002344916776283901e-01
-7.992040404339426640e-01
-7.991483555626623936e-01
-7.996764521008914439e-01
-7.987305276172677049e-01
-7.982456942194515737e-01
-8.003053370210313489e-01
-8.006667384167307500e-01
-7.987181138746517473e-01
-7.997890237680415071e-01
-7.988591894661027926e-01
-7.968201237855497832e-01
-7.998350489999830337e-01
-8.001237929481821443e-01
-7.982677608421168136e-01
-7.993695791234675108e-01
-7.973573398344295793e-01
-7.994946124627417827e-01
-7.987063693017074639e-01
-7.983919885969653629e-01
-7.981017311823737082e-01
-7.990530176261037010e-01
-7.976727252154006687e-01
-7.982721427052291707e-01
-7.988484544852345604e-01
-7.985490038222873288e-01
-8.004564046859741211e-01
-7.993297558469870667e-01
-8.013137621977894920e-01
-7.992774930196938632e-01
-7.995470319826578631e-01
-7.993637194338533147e-01
-7.999467628518330820e-01
-7.973654079683047957e-01
-7.974084468231987799e-01
-7.980943635566947192e-01
-7.967056601317887843e-01
-7.982037171875078219e-01
-7.996631369148332613e-01
-7.986625795511855808e-01
-8.004470166471815418e-01
-7.966267638599749956e-01
-7.984210879532331884e-01
-7.990390117635431944e-01
-7.977594653355706278e-01
-7.995656673441228213e-01
-7.989518839059416289e-01
-7.984515004551288042e-01
-8.004098276502078502e-01
-7.965437216857045311e-01
-7.990259626477035360e-01
-7.986115266367331822e-01
-7.980516638952431796e-01
-7.992249321691768937e-01
-7.983306363685843676e-01
-7.972265359052678191e-01
-7.979853982777939114e-01
-8.007178835033141873e-01
-7.991294817826182229e-01
-7.992643793833624777e-01
-8.013054359819471451e-01
-7.997081482533326957e-01
-7.993686924275663630e-01
-7.985406481113630495e-01
-7.997820825920891608e-01
-7.987214609519722730e-01
-7.997368875238084485e-01
-7.991580238047334417e-01
-8.005753220971097983e-01
-8.000478295935797846e-01
-7.981420853703292684e-01
-7.980232963856962458e-01
-7.995626907987692933e-01
-7.994522403195961635e-01
-8.000564102045039094e-01
-7.987985740002897517e-01
-7.997277182402070528e-01
-7.987348080910358084e-01
-7.990115549146514784e-01
-7.997874568418129604e-01
-7.996752772134604337e-01
-7.994968688365110543e-01
-7.983497190721255965e-01
-7.989756348206824565e-01
-8.000592626247209349e-01
-7.997734540516567847e-01
-7.978501024934434582e-01
-7.984279830431201264e-01
-8.008524621884847150e-01
-7.995964589807176282e-01
-7.989972958859709040e-01
-8.004199334026611545e-01
-7.991830749610036033e-01
-7.999447049553861655e-01
-8.003093151702094232e-01
-8.003594162537879253e-01
-8.014272310070156280e-01
-7.997448960530388895e-01
-7.993090859393483516e-01
-8.010162711143493652e-01
-7.995967017006628819e-01
-7.987426550117964208e-01
-7.992964307057488504e-01
-7.999568759780568694e-01
-8.000134573769324131e-01
-7.992075183956893758e-01
-7.999501209898093324e-01
-7.986649803279601834e-01
-8.007306112456566982e-01
-8.003186694125539180e-01
-7.991828629651021032e-01
-8.000881966856336902e-01
-8.002858346270531609e-01
-7.999888289835035415e-01
-7.989345371108693694e-01
-8.011289195916087014e-01
-8.016273410049910009e-01
-7.999631455264140101e-01
-8.015175031632492120e-01
-7.995884080523067983e-01
-7.999226039217919304e-01
-8.004151582717895508e-01
-8.011819640385735575e-01
-7.999190620540344021e-01
-8.018274522319281949e-01
-8.008486093934049643e-01
-8.003508817289293198e-01
-8.010748446602182771e-01
-8.000125823561677896e-01
-8.013028410292163395e-01
-8.012409689500159526e-01
-8.003222039065409632e-01
-8.006124379708594585e-01
-7.999309190769785527e-01
-8.015770647943634142e-01
-7.997028090290188018e-01
-8.011868884882975550e-01
-8.002756950781517720e-01
-8.013022548144626001e-01
-8.006678457112655911e-01
-8.009978010482394772e-01
-8.010445028236231613e-01
-8.012843347087348356e-01
-8.022237254172256415e-01
-8.001978194590696480e-01
-7.998997089789086079e-01
-7.986576231484560084e-01
-7.981198380902870815e-01
-8.018672374105945133e-01
-8.017638215084665898e-01
-8.020687514973670051e-01
-8.023457711504906609e-01
-8.020386185842690585e-01
-8.028896352679458781e-01
-8.024769112006905347e-01
-8.024061469687628900e-01
-8.014215833133029321e-01
-8.014136755589357231e-01
-8.007328516429232934e-01
-7.997719467300730134e-01
-8.000034259766647393e-01
-8.013354263354822704e-01
-8.014489565927958026e-01
-8.006909090219084257e-01
-8.030798693293148549e-01
-8.016901532399285379e-01
-8.023944220592066356e-01
-8.015781935957289051e-01
-8.013351553494167945e-01
-8.025350847195104054e-01
-8.028242956731737046e-01
-8.019050617807919057e-01
-8.019616751326728021e-01
-8.026557804382953298e-01
-8.002609911653184582e-01
-8.023499741996686918e-01
-8.028184187780950110e-01
-8.027316067636627306e-01
-8.016695361776450257e-01
-8.012383684669572848e-01
-8.022296926409927531e-01
-8.002693106218711216e-01
-8.002110498467671640e-01
-8.007356696522113237e-01
-8.024914258534145972e-01
-8.012858924177503894e-01
-8.019841405534252621e-01
-8.016760416866577366e-01
-8.013002085931522078e-01
-8.037502071292129679e-01
-8.018274221223654630e-01
-8.025725428591069521e-01
-8.007128066623333540e-01
-8.026769923180648858e-01
-8.038385147900924954e-01
-8.016140436388782264e-01
-8.009357225034654526e-01
-8.020241543189766675e-01
-8.032189337248655248e-01
-8.019613150468806184e-01
-8.024602053091698384e-01
-8.027236148254158765e-01
-8.017020846150585411e-01
-8.035315017110293834e-01
-8.011692418265587978e-01
-8.012131716787200819e-01
-8.024557042367679305e-01
-8.018295064414899809e-01
-8.027601973297670002e-01
-8.012571605210451198e-01
-8.008858991652419990e-01
-8.026184353631796720e-01
-8.009671814662894240e-01
-8.028305326540445819e-01
-8.031559697131520625e-01
-8.021476440822955523e-01
-8.013009957431518338e-01
-8.020646055949103292e-01
-8.028149119357472774e-01
-8.025381153391808464e-01
-8.021944017754387701e-01
-8.033009079313769840e-01
-8.029458983657286053e-01
-8.019929356181744184e-01
-8.027539283958906591e-01
-8.013481737412128103e-01
-8.024247681971677926e-01
-8.022724119658323216e-01
-8.034822516834613237e-01
-8.022889261393203464e-01
-8.008080051117336673e-01
-8.019009564340728868e-01
-8.023656729570368684e-01
-8.031584214918392473e-01
-8.052728987231696500e-01
-8.040759305364078013e-01
-8.018691687239813959e-01
-8.024340142908784612e-01
-8.021640421188983572e-01
-8.025870470656562006e-01
-8.046630104792487082e-01
-8.035881169063529006e-01
-8.015361379102333705e-01
-8.031691921125981848e-01
-8.041548243502980586e-01
-8.025828526192104739e-01
-8.038200926534908586e-01
-8.028729625583923557e-01
-8.018410918638878560e-01
-8.025794920233106922e-01
-8.028592418149574916e-01
-8.027205381196799161e-01
-8.022648397180223157e-01
-8.018317812496853492e-01
-8.024638676151787386e-01
-8.020595834427273196e-01
-8.035336892629406647e-01
-8.023112569887613788e-01
-8.016195954735746421e-01
-8.016956073721659415e-01
-8.032442570961627615e-01
-8.016970126899247706e-01
-8.026813876997563879e-01
-8.048464188870695368e-01
-8.023457072444797333e-01
-8.031689899483906991e-01
-8.032245285732230178e-01
-8.031839955713331314e-01
-8.036271327549648902e-01
-8.027595164849585796e-01
-8.001010092263368678e-01
-8.039632052490391922e-01
-8.033575851892688080e-01
-8.032289208825101889e-01
-8.022558836592841303e-01
-8.016371143232915442e-01
-8.046971952792295601e-01
-8.030492927610259901e-01
-8.033675754193178031e-01
-8.042881716157972427e-01
-8.027629010456124314e-01
-8.019548150681957699e-01
-8.025271953995695151e-01
-8.017793838510808291e-01
-8.032583987589964059e-01
-8.021819020055004357e-01
-8.025590457867101124e-01
-8.031127655629030082e-01
-8.027606440573623603e-01
-8.029861855752689070e-01
-8.019129805958148394e-01
-8.020723763200425793e-01
-8.034221990821287518e-01
-8.047455303447762498e-01
-8.035484927216756113e-01
-8.050782760393988546e-01
-8.045057851014677519e-01
-8.035724371978917313e-01
-8.042900642168890890e-01
-8.023803694960996991e-01
-8.036119501615307525e-01
-8.027201276464560609e-01
-8.028095327701765260e-01
-8.028808242266940454e-01
-8.016755310530515599e-01
-8.013814829059482392e-01
-8.028506691922846494e-01
-8.027206616303355080e-01
-8.036010044137227304e-01
-8.034812482361940456e-01
-8.033809010515507998e-01
-8.044615111400171825e-01
