6.620627545818839721e+00
6.382069332083475821e+00
6.285053705431751681e+00
6.234125638745494413e+00
6.200961491496292943e+00
6.175585569794645124e+00
6.152991471831331438e+00
6.126431396327068235e+00
6.106129110473947463e+00
6.092138649262103911e+00
6.076692158413916189e+00
6.059874077433163642e+00
6.044865047808775316e+00
6.034699297442879029e+00
6.018487723832278036e+00
6.010331370166896114e+00
6.003013256898860561e+00
5.996060376314773066e+00
5.989622229153347632e+00
5.979362443550345851e+00
5.973744466132724362e+00
5.967907610627793957e+00
5.962952195983572068e+00
5.957698600808369882e+00
5.951594696831457476e+00
5.949808312445571623e+00
5.942958104241754747e+00
5.937160954032976612e+00
5.937630830351839251e+00
5.933888622165954807e+00
5.925982278646881873e+00
5.924330627795347581e+00
5.919981632036032337e+00
5.916488932580063143e+00
5.913652946039573699e+00
5.905742271659300435e+00
5.905771634013382787e+00
5.904217331679825875e+00
5.895970216731435620e+00
5.902330541119132690e+00
5.892538729402208020e+00
5.888955701257764908e+00
5.885639416802789903e+00
5.887373530987611403e+00
5.881652153644365555e+00
5.880776134962887980e+00
5.877581360413856260e+00
5.875841853544883975e+00
5.877251934759395446e+00
5.870429265130426622e+00
5.870330382868186980e+00
5.868311080735983509e+00
5.865629933544041386e+00
5.860640982991641046e+00
5.861098373059144606e+00
5.856244136377708465e+00
5.857423438239343305e+00
5.850659321263893098e+00
5.853575441026196202e+00
5.849233715804581735e+00
5.844200517713408871e+00
5.847482912319222237e+00
5.843712787038271905e+00
5.839749685267812573e+00
5.838004274466602972e+00
5.837740834226313069e+00
5.837234506902006181e+00
5.837494491301860933e+00
5.835786578581505069e+00
5.836719222904480198e+00
5.829795729253709702e+00
5.832168166170415446e+00
5.825745631739036590e+00
5.826492806070858954e+00
5.826698863629212966e+00
5.823112576278214547e+00
5.821669372086672567e+00
5.818265241445954139e+00
5.818579452553975351e+00
5.819678601530409168e+00
5.817871673819944967e+00
5.811804550210225351e+00
5.814544658070986749e+00
5.814971397832496613e+00
5.808626401055719590e+00
5.809640923726189676e+00
5.808273600548813143e+00
5.808366097125810867e+00
5.804507550505018543e+00
5.800879920880818830e+00
5.800616932898452482e+00
5.798054065900979381e+00
5.801223518922157041e+00
5.798232358755524452e+00
5.796636119331281201e+00
5.797162468900385335e+00
5.795717853860756996e+00
5.791213158479671108e+00
5.791818746586435473e+00
5.793788816511016293e+00
5.790128093404868004e+00
5.790338314685625321e+00
5.793110464037079410e+00
5.789682516117685473e+00
5.787376251417336803e+00
5.783085882049245896e+00
5.783418591489496663e+00
5.780196946920807655e+00
5.781357150716879723e+00
5.784554628981757318e+00
5.776582137825562846e+00
5.783124771314797741e+00
5.776627157152313785e+00
5.776611652570901256e+00
5.773144481108360537e+00
5.770221238283767207e+00
5.772678842249605147e+00
5.773470745873205523e+00
5.772448967412574738e+00
5.770988719979512460e+00
5.769981905357124852e+00
5.764920362492197192e+00
5.768541660505471569e+00
5.767045453651664211e+00
5.765923210026062229e+00
5.763650161703837149e+00
5.762759621610346272e+00
5.763308859363045045e+00
5.759199019559879673e+00
5.759088762027701591e+00
5.760552779915406596e+00
5.760304903246693087e+00
5.756809583644277417e+00
5.758086460152852304e+00
5.755929125952966352e+00
5.753839635357413940e+00
5.756121050451219467e+00
5.754189093088366569e+00
5.754420187055449887e+00
5.752215645976902714e+00
5.752131997924490037e+00
5.748247770919013178e+00
5.747007281509871390e+00
5.749615742988193112e+00
5.748551943867476588e+00
5.747425934703080053e+00
5.742425717029375321e+00
5.744092110506038296e+00
5.743747952058143369e+00
5.743035896537230123e+00
5.743059866207161690e+00
5.743345663719570560e+00
5.741013118901203249e+00
5.744764185443367310e+00
5.740149743778189873e+00
5.737675602903070882e+00
5.741895169326939552e+00
5.735040428712196103e+00
5.738028949068993967e+00
5.737631114487795614e+00
5.737674649228754475e+00
5.735516169636519557e+00
5.733361170463955325e+00
5.730806104915657784e+00
5.732632229008625124e+00
5.731334912408258653e+00
5.729373671344874630e+00
5.729189297587601537e+00
5.733048301382162926e+00
5.726573644225130266e+00
5.725333651316534933e+00
5.724922194923322216e+00
5.726202733737906669e+00
5.725941181182861328e+00
5.722437411239466698e+00
5.723501166117560324e+00
5.722383484397966846e+00
5.724741286838177956e+00
5.721576715253062773e+00
5.721172027981157981e+00
5.720544795400088312e+00
5.719957258283477231e+00
5.719456682500150713e+00
5.719350859061958836e+00
5.719487770316526998e+00
5.715080949449047765e+00
5.722297466907305008e+00
5.717027870650143839e+00
5.715570656294675089e+00
5.712759214578215783e+00
5.714177760881247181e+00
5.717092676261036566e+00
5.713719353233416065e+00
5.712699683671145223e+00
5.712510163022070486e+00
5.712309468652784439e+00
5.714795938472158277e+00
5.711206205112418388e+00
5.712019841695568978e+00
5.708956158038267503e+00
5.708282829559955474e+00
5.705672485312235587e+00
5.707691654716570362e+00
5.706188221567685126e+00
5.706387308455004970e+00
5.704548644036361971e+00
5.701880789294685670e+00
5.707068561278667573e+00
5.702993796043789310e+00
5.704277485916295021e+00
5.700259724843133036e+00
5.703094305451383406e+00
5.702187257943694298e+00
5.701926428018157189e+00
5.699842202294733262e+00
5.700750886779470505e+00
5.700240956139318804e+00
5.697924604120943037e+00
5.696059507193024452e+00
5.698237487950275515e+00
5.696577140965412234e+00
5.697726642962583909e+00
5.695834292578942915e+00
5.696121997439984597e+00
5.696438474753468206e+00
5.692406767422390601e+00
5.695627964649004227e+00
5.693515428562753833e+00
5.692614280071454758e+00
5.693880130335227996e+00
5.692390982637700603e+00
5.691703565341910576e+00
5.692634238410241743e+00
5.690984755447230370e+00
5.691539965954023117e+00
5.690477685830027887e+00
5.689262281988084702e+00
5.690132308252079163e+00
5.689068985968520842e+00
5.689481848293972632e+00
5.687020980205732101e+00
5.685742540457813909e+00
5.688326638998444373e+00
5.685347886429619635e+00
5.688558445763342242e+00
5.685637444564976661e+00
5.685303029325819324e+00
5.683546194096201098e+00
5.684754145514104628e+00
5.683814997525558965e+00
5.683930215147352527e+00
5.684948852381755735e+00
5.682674329305432259e+00
5.682119113882792227e+00
5.682594805648646386e+00
5.680399648922005440e+00
5.681040867087767232e+00
5.680354265822577631e+00
5.679229569189327087e+00
5.678906317838688267e+00
5.682590494450834306e+00
5.679047491132598324e+00
5.679632840697298235e+00
5.678908470979671108e+00
5.678241444617202482e+00
5.676907239501009172e+00
5.676550240860771979e+00
5.677178736814518345e+00
5.675537030721447884e+00
5.680126770255491842e+00
5.676274270126500099e+00
5.673774055598937771e+00
5.674955446695544303e+00
5.675368033733564133e+00
5.675628593287517454e+00
5.674186976914553426e+00
5.673202627712917945e+00
5.674295636796459874e+00
5.668929591621320263e+00
5.670945216699974090e+00
5.672054310434872626e+00
5.671608521766269284e+00
5.671366072192634888e+00
5.667778359246008257e+00
5.669080247584077803e+00
5.671618368207793637e+00
5.669596780206739517e+00
5.667632864922592439e+00
5.668317396616198600e+00
5.666977110597276379e+00
5.665103150397231779e+00
5.668623088561382417e+00
5.671861117648095529e+00
5.668514463090405187e+00
5.666790269084812870e+00
5.669026861485746416e+00
5.667285211307486748e+00
5.667585835014421924e+00
5.666445147130906967e+00
5.668499627064183422e+00
5.666799909060763696e+00
5.667951126688534735e+00
5.662425513120041387e+00
5.662971648973288197e+00
5.665396139793789310e+00
5.662319606112450998e+00
5.661777914184884963e+00
5.662540101513419799e+00
5.661366413549049348e+00
5.664003357444841846e+00
5.661251662932720308e+00
5.662280657856734400e+00
5.663453775582854455e+00
5.658326031006488677e+00
5.661260108357851983e+00
5.660795423173412999e+00
5.661460871548996465e+00
5.657341460591738702e+00
5.660600490176801003e+00
5.658515797447912554e+00
5.658832953148281497e+00
5.659665505910656869e+00
5.660144383145361502e+00
5.660655419851086556e+00
5.658118316807697390e+00
5.654915917779981704e+00
5.657003068432365112e+00
5.653460345317408375e+00
5.656698605448929662e+00
5.653488498373129723e+00
5.657130246309890254e+00
5.657081510602813168e+00
5.652537557267651280e+00
5.654355570213081883e+00
5.654421186938728638e+00
5.653434866482449195e+00
5.657087090089149228e+00
5.655767863558740061e+00
5.653849159319376483e+00
5.649468264628931813e+00
5.656210958343191209e+00
5.651153967552578372e+00
5.653458496958939428e+00
5.653866777714994463e+00
5.653863282547783697e+00
5.652776108574621539e+00
5.650586442849070856e+00
5.652700650323297715e+00
5.652905587068538296e+00
5.653129685785352798e+00
5.650591486508083960e+00
5.649836009310693186e+00
5.647222651648767133e+00
5.649515736963331314e+00
5.651116410481560770e+00
5.648366883857963039e+00
5.650856657126515081e+00
5.647126222394176054e+00
5.648124547348809088e+00
5.646087302375085493e+00
5.650941126125374581e+00
5.647566087467154716e+00
5.648254989348735933e+00
5.647737026214599609e+00
5.646913135174623122e+00
5.645271424165706264e+00
5.647446696291265056e+00
5.646857517281758554e+00
5.644208106797995228e+00
5.646815624433694225e+00
5.646374574641591870e+00
5.645980422029790446e+00
5.647760332245187698e+00
5.646166737546625569e+00
5.643934254793776972e+00
5.645598549203774574e+00
5.642144217933576122e+00
5.643070845259833490e+00
5.641582071166677537e+00
5.644462398647033474e+00
5.643406818822486848e+00
5.644303061298487911e+00
5.642089543883333391e+00
5.643510784070516095e+00
5.642029088797028358e+00
5.641054841660961827e+00
5.641897299855025416e+00
5.641116820659833664e+00
5.643987955506315046e+00
5.640320802472301054e+00
5.641127173433599040e+00
5.639402286293580424e+00
5.642918306527678673e+00
5.640254944870152443e+00
5.638200312545619042e+00
5.638566400586944027e+00
5.637952140926086209e+00
5.638158989935805998e+00
5.638723678195599831e+00
5.638030411041889067e+00
5.637778100279188465e+00
5.639600739036638721e+00
5.639346157152628436e+00
5.638906911476371242e+00
5.640376307300685177e+00
5.637221709969117533e+00
5.638189974519395520e+00
5.636423646789236130e+00
5.636651830574900934e+00
5.636339693954310448e+00
5.636723842817483288e+00
5.637036023680696672e+00
5.634843025010885853e+00
5.634728230151933914e+00
5.635720567604930231e+00
5.635508286584284043e+00
5.634357285253780212e+00
5.637911870307529050e+00
5.635625981792960815e+00
5.636167423012330424e+00
5.637395642467381229e+00
5.635748986116389858e+00
5.634308510219927513e+00
5.634282328418849239e+00
5.635055433843553452e+00
5.634348653026463261e+00
5.633706328795128115e+00
5.632462825971780163e+00
5.636399416579413568e+00
5.630744221284217588e+00
5.634605417546537431e+00
5.634068076143559978e+00
5.633597285477156547e+00
5.631662349111025812e+00
5.631558344536220950e+00
5.634802685570471148e+00
5.632224466382842465e+00
5.632976782690618300e+00
5.632950320686261669e+00
5.631839265528413740e+00
5.630705602390250419e+00
5.630104640095503932e+00
5.628849703012053673e+00
5.628987833396675633e+00
5.631457191152670738e+00
5.630425379448330325e+00
5.633928043326151602e+00
5.628360772870250273e+00
5.630526758960841427e+00
5.629466479586572092e+00
5.630207435371949565e+00
5.631027718180233954e+00
5.630163261570880984e+00
5.630295748563156621e+00
5.631016175771496712e+00
5.629410429099171331e+00
5.630015574779706711e+00
5.629301862618357966e+00
5.629401049663111500e+00
5.628783240760724560e+00
5.627404055644556813e+00
5.630179960703112663e+00
5.627118494092803402e+00
5.626709171177185276e+00
5.628697169195745253e+00
5.628537212450479998e+00
5.628837801746485958e+00
5.626782653258018740e+00
5.627701665937285824e+00
5.626605584449374753e+00
5.626458895575139785e+00
5.627155721802072463e+00
5.627399773941826666e+00
5.625832882124123913e+00
5.626861990112619338e+00
5.628307057410171232e+00
5.626653400893063761e+00
5.628381807779528678e+00
5.624204837169843429e+00
5.624149229108672543e+00
5.626110976504296701e+00
5.626709785658059459e+00
5.623510911292636472e+00
5.623631556009509147e+00
5.621835885588655657e+00
5.623333355815140600e+00
5.623835858610487293e+00
5.624610664918250791e+00
5.627197123065437623e+00
5.623194173439261867e+00
5.624434004124906572e+00
5.621424389868667326e+00
5.625893617413707304e+00
5.621495340288300113e+00
5.623482291231450603e+00
5.627301388180132591e+00
5.622741045411100203e+00
5.624555420629756775e+00
5.624187464566574590e+00
5.623238499631586507e+00
5.621994574045397819e+00
5.623898216129577854e+00
5.625460477219414557e+00
5.621344123918985858e+00
5.620381188146846618e+00
5.623699797797448774e+00
5.620878204856951221e+00
5.623403318149527763e+00
5.621186261324538691e+00
5.622401473448448428e+00
5.620358467102050781e+00
5.619902576367879377e+00
5.622069693103279420e+00
5.620612611475679365e+00
5.621376671741917797e+00
5.619968778079318383e+00
5.619629992652185102e+00
5.622600948687681566e+00
5.622035080624609549e+00
5.622719553328051845e+00
5.618606247852757640e+00
5.621196152008685942e+00
5.621016010795671924e+00
5.619668129793147671e+00
5.619835460308900466e+00
5.621016236924633702e+00
5.621163864725644110e+00
5.619178196818558568e+00
5.620979697433943656e+00
5.619040749736668339e+00
5.619531778945136224e+00
5.620349397364351240e+00
5.621121583525667376e+00
5.618976661839435671e+00
5.620666867678927758e+00
5.617339183374778777e+00
5.618247346779734919e+00
5.616203489991807629e+00
5.619192649408714324e+00
5.616404400658361773e+00
5.618228135649690813e+00
5.619392365524449318e+00
5.617677801663113257e+00
5.616180729620235290e+00
5.617629449392102181e+00
5.619771505139537382e+00
5.620298159491155410e+00
5.619492884763737095e+00
5.618792779666861748e+00
5.617414322096047741e+00
5.617037812459099833e+00
5.616761787650511373e+00
5.617120192222988528e+00
5.616990310629618399e+00
5.615727488527593181e+00
5.615068180044901602e+00
5.617442337508053996e+00
5.615395005216303304e+00
5.615498842652311140e+00
5.613356020032744809e+00
5.616382682446351637e+00
5.617452611628267256e+00
5.617303248533268345e+00
5.616200776444268072e+00
5.615958656232381330e+00
5.617830305984339745e+00
5.617144830448111748e+00
5.614921992587060373e+00
5.616498578455030533e+00
5.615266396827304440e+00
5.618099600998396781e+00
5.615815359292571252e+00
5.614086844257472286e+00
5.614655519269176054e+00
5.615696538354932876e+00
5.616281848592856285e+00
5.616666901971876236e+00
5.616757442041770965e+00
5.615257538471025711e+00
5.617005800463489962e+00
5.615133467408799817e+00
5.613982613553705647e+00
5.614775018593699762e+00
5.615767857463089818e+00
5.614424970961108485e+00
5.616422402490045762e+00
5.613785856777859351e+00
5.614790985264728640e+00
5.615746562013921306e+00
5.612925844094188044e+00
5.614486694335937500e+00
5.614988710462432309e+00
5.614003373175552092e+00
5.613985277942775021e+00
5.612131457967856285e+00
5.612387106590664310e+00
5.614372789245290818e+00
5.615517857148475400e+00
5.615413690350719023e+00
5.612899416500759742e+00
5.613507570679654890e+00
5.614063847925245376e+00
5.613641399698159340e+00
5.610942280169615159e+00
5.612697817615626583e+00
5.615653819644574440e+00
5.613525567595491594e+00
5.613398075103759766e+00
5.613710020006317691e+00
5.613406318979165199e+00
5.611000803328051845e+00
5.615391785336523611e+00
5.611951262680525687e+00
5.615799800636842143e+00
5.614433839149081784e+00
5.613894978749383036e+00
5.611226981448144358e+00
5.611072574694132342e+00
5.616544305663747849e+00
5.613150866990237020e+00
5.612966031143345802e+00
5.612192252247603541e+00
5.613575030847923308e+00
5.613677010093767628e+00
5.613797630231404767e+00
5.610563627223378980e+00
5.613454386131050633e+00
5.610760064469170416e+00
5.610285586917523659e+00
5.610846558796990458e+00
5.611112427465694275e+00
5.610607805940293957e+00
5.611667293863198402e+00
5.611739925502502224e+00
5.613612745226044254e+00
5.611136446294096025e+00
5.608865683840722483e+00
5.613514118587847435e+00
5.611487073996632269e+00
5.610276777719714225e+00
5.611198759570564576e+00
5.610204195238880587e+00
5.609496460747473101e+00
5.611623120062129821e+00
5.611163208165119265e+00
5.609147892784826617e+00
5.607593890317936314e+00
5.610356065415844640e+00
5.611966069211664632e+00
5.611434140156224437e+00
5.610706452241878139e+00
5.610563052069280410e+00
5.610700641710733905e+00
5.611809961574593331e+00
5.611875824092590115e+00
5.608362812356850746e+00
5.610497164972049866e+00
5.610422001671545367e+00
5.611543424350699638e+00
5.609698914989982299e+00
5.610802655367507441e+00
5.610942609531363701e+00
5.612250170756861500e+00
5.611656592064297122e+00
5.611248257233924619e+00
5.610251234978744783e+00
5.612155201508826963e+00
5.612398457281368103e+00
5.609194691648188069e+00
5.609891581781131897e+00
5.611600703799847878e+00
5.610995980882153233e+00
5.610471602567692173e+00
5.609336046828437006e+00
5.609927034869636842e+00
5.612579920857222682e+00
5.607262670379324021e+00
5.608175444848758850e+00
5.608466035311984399e+00
5.611181352556366519e+00
5.610723756023289432e+00
5.610558209959993547e+00
5.610056193833498739e+00
5.610083530858619660e+00
5.610425649230013079e+00
5.609416268535496464e+00
5.611543640647966846e+00
5.606157465079395941e+00
5.611117923382630934e+00
5.608014583587646484e+00
5.609782946478460097e+00
5.607880331806300411e+00
5.611036615273387262e+00
5.610746963736937154e+00
5.608613343582939947e+00
5.607470718855710246e+00
5.611666118975767503e+00
5.609019490861401280e+00
5.610360617490158575e+00
5.609904023789868077e+00
5.606723623177439997e+00
5.608479534227823748e+00
5.606306744604995451e+00
5.606545276248578347e+00
5.608735349989428798e+00
5.608608285176384989e+00
5.607980826466353541e+00
5.609688395077419898e+00
5.607255881594628733e+00
5.610573262283482521e+00
5.606899113999199713e+00
5.607099562576136620e+00
5.610044951291428106e+00
5.608644500221173779e+00
5.608887849394808001e+00
5.613922419007291609e+00
5.607879048770236352e+00
5.608374757865040472e+00
5.609788855326544699e+00
5.607372613297295416e+00
5.611966452647730641e+00
5.609539848013022301e+00
5.609376622229507170e+00
5.608874527449460246e+00
5.604808930269221889e+00
5.609323005086367608e+00
5.610927744010060003e+00
5.609970722001852650e+00
5.608294836024648511e+00
5.609114858293041905e+00
5.610955808580536441e+00
5.607966432866361650e+00
5.608056560005109326e+00
5.609707601291617607e+00
5.608761094280125370e+00
5.611312930116948650e+00
5.608778240754432431e+00
5.610510427927233756e+00
5.607184542823083540e+00
5.609866324159288098e+00
5.608681501801481062e+00
5.607638034623922962e+00
5.607603948140881478e+00
5.604829606321668933e+00
5.606958846455996515e+00
5.607572727596636497e+00
5.604139465646645668e+00
5.607877067683898709e+00
5.607776174840238603e+00
5.608888385222130069e+00
5.607303309686405335e+00
5.607253698958563959e+00
5.611304779642636298e+00
5.608536838256206636e+00
5.606506396814720183e+00
5.609268252382573650e+00
5.610271581669443286e+00
5.608979510277817049e+00
5.607352709032825899e+00
5.608736864070302808e+00
5.608493190450766441e+00
5.608843252830898685e+00
5.608989346887647720e+00
5.606795596093246736e+00
5.609997105352657165e+00
5.607628296331031770e+00
5.606739668502020990e+00
5.607404128792359721e+00
5.606171018069552758e+00
5.606745498696553476e+00
5.607853412628173828e+00
5.607469671780300757e+00
5.607061769544463559e+00
5.607834791399769259e+00
5.610430864943671381e+00
5.604273137358045886e+00
5.609962084858687525e+00
5.608567301760015056e+00
5.608207781290270866e+00
5.609279971761801598e+00
5.607637110444688489e+00
5.607473137452430478e+00
5.606219537479361748e+00
5.606755472950099239e+00
5.607595207764930478e+00
5.605310494137793142e+00
5.608852897722696795e+00
5.606491737758990013e+00
5.607643132357253535e+00
5.606910464689903506e+00
5.609173951689729876e+00
5.607177773701775614e+00
5.606430029131702852e+00
5.607173133142215882e+00
5.605728611503679737e+00
5.606702716080183890e+00
5.604554368048598967e+00
5.605295372992446623e+00
5.606799307557725598e+00
5.605110202867960467e+00
