6.453995144244322191e+00
6.203992234062902789e+00
6.130164628176345332e+00
6.068265246361801424e+00
6.039191678627250148e+00
6.000741280231279617e+00
5.982063096823151405e+00
5.958821788276593701e+00
5.938151010532968677e+00
5.928419919358086432e+00
5.913560601853832921e+00
5.905351737110884791e+00
5.893379806243267183e+00
5.884838109163894160e+00
5.877023116829469096e+00
5.868255177723992411e+00
5.863802201969107841e+00
5.854916572570800781e+00
5.852497675984175807e+00
5.844708452519681963e+00
5.836375044793197908e+00
5.832836750856380093e+00
5.829908852724685175e+00
5.821982870396879228e+00
5.818800532940736403e+00
5.814554371784642406e+00
5.810941430711254796e+00
5.807574296734996366e+00
5.805950907087817470e+00
5.798883079253521089e+00
5.795902153880326146e+00
5.792849353908263943e+00
5.787471894136409389e+00
5.782980407636189923e+00
5.780840146172907090e+00
5.777181340247085295e+00
5.772352125226836606e+00
5.766436227818124927e+00
5.764953239676878560e+00
5.762528026226869216e+00
5.762467920165700974e+00
5.758833565662816234e+00
5.755782540311518147e+00
5.751084288370978292e+00
5.749124359838741150e+00
5.743788684766316877e+00
5.739839770130275021e+00
5.737133389895724633e+00
5.733881213001368771e+00
5.732511107454595134e+00
5.732296574976026626e+00
5.729437729747025365e+00
5.723016660238049447e+00
5.725399735047645322e+00
5.720699403703827457e+00
5.716543585983748343e+00
5.714266437845131996e+00
5.713402418746161615e+00
5.709528854212810423e+00
5.710318776750073155e+00
5.704148267962269259e+00
5.703541057625996835e+00
5.700279270250772967e+00
5.697317492101610092e+00
5.699695095573503956e+00
5.696930914810023339e+00
5.693067658807813736e+00
5.692049960500185968e+00
5.687927762257683817e+00
5.687226059510535947e+00
5.687725971654518098e+00
5.684596543459548457e+00
5.683502900231744981e+00
5.680459371547109448e+00
5.676358773536288815e+00
5.676038579842479059e+00
5.673052138888959206e+00
5.673263058219988331e+00
5.668056797735469665e+00
5.668500020331943112e+00
5.665594631863623221e+00
5.666607743686007836e+00
5.664268011899338262e+00
5.663133513067186264e+00
5.659936093792472533e+00
5.657282096823466055e+00
5.655612291748990828e+00
5.654864144079463806e+00
5.651907301440681763e+00
5.648752827005288246e+00
5.649826457819988157e+00
5.650592081325569893e+00
5.646606582956215981e+00
5.644462162686377127e+00
5.646004485100815096e+00
5.639497368606095407e+00
5.639777458820146805e+00
5.639304809963579856e+00
5.636274450833035132e+00
5.637908340729389067e+00
5.634602482785883382e+00
5.636365939661399871e+00
5.633218347411794724e+00
5.632358959040691282e+00
5.630932611288483436e+00
5.628505529816617781e+00
5.628397405762033401e+00
5.627090940770414385e+00
5.626129002915215338e+00
5.622734468007824837e+00
5.622446079844052313e+00
5.621995399907691926e+00
5.621441005431499605e+00
5.621171700585748887e+00
5.618150504593996786e+00
5.615702860134163643e+00
5.616931345044951840e+00
5.616818609925889660e+00
5.615426122527761521e+00
5.612633542916209528e+00
5.610718368254985933e+00
5.609675028889449244e+00
5.610654762110759641e+00
5.609265725637219369e+00
5.609483851599939008e+00
5.607509190274267752e+00
5.606253476486992682e+00
5.605398851571623986e+00
5.607575642693903184e+00
5.604730306212434954e+00
5.603044917902995969e+00
5.599733151111406571e+00
5.599338497083211408e+00
5.603167769835167178e+00
5.596089800608527121e+00
5.596559047698974609e+00
5.597661509956281201e+00
5.594236123193170762e+00
5.595437561113810077e+00
5.594240036207375866e+00
5.592100389224967216e+00
5.592878371169886620e+00
5.589445566393665743e+00
5.590570066393036441e+00
5.592285215240163865e+00
5.589163003508577532e+00
5.590843711931681170e+00
5.587201177459402146e+00
5.585638134749894235e+00
5.585289365237521508e+00
5.583811037319222237e+00
5.585214860660514091e+00
5.582958639282541213e+00
5.583328674749000520e+00
5.581832123785903654e+00
5.581118519773188069e+00
5.579918158423040175e+00
5.581453249626552982e+00
5.581097411126205721e+00
5.578756366808390155e+00
5.579923334809922864e+00
5.576992133229048854e+00
5.578599856071865482e+00
5.578033761879832575e+00
5.575018219112121365e+00
5.576106975988014192e+00
5.575034495481510532e+00
5.573868658124785824e+00
5.575565751065912679e+00
5.574162055536644012e+00
5.571902437308399847e+00
5.573521550168695882e+00
5.570648409656642208e+00
5.569473733607027022e+00
5.571400401518516787e+00
5.568667342982341673e+00
5.568123610978274129e+00
5.566779859287223076e+00
5.566353094946477675e+00
5.567176838511044501e+00
5.567665862053940096e+00
5.566635063014079954e+00
5.565611637744707352e+00
5.564599592661120475e+00
5.563831727529309212e+00
5.563740646716246019e+00
5.564303157255821475e+00
5.561330008752567444e+00
5.560424735865642454e+00
5.559989860377361204e+00
5.559701894976429415e+00
5.560672991054573799e+00
5.559454677031212100e+00
5.556852704470919946e+00
5.556118340836357916e+00
5.554167211670236526e+00
5.558445615866749456e+00
5.558274844258101588e+00
5.557001438337502819e+00
5.556857610486217069e+00
5.553002485294931567e+00
5.554903325346327136e+00
5.552065883715128436e+00
5.550484991565193482e+00
5.551980805151241150e+00
5.551732436897828471e+00
5.549841851303257911e+00
5.549579880901219120e+00
5.549568402398493028e+00
5.548487535457021558e+00
5.549076222881828002e+00
5.547192671864302760e+00
5.551675703107695981e+00
5.547461608021529322e+00
5.544950180446978294e+00
5.546675038091914978e+00
5.545710190055296529e+00
5.545099391150720258e+00
5.543460673892621315e+00
5.545783981834490284e+00
5.543784633125226513e+00
5.543184717905890402e+00
5.544810157461264488e+00
5.542713332422001038e+00
5.543135466034879499e+00
5.543876141616978614e+00
5.542757978144380537e+00
5.539021550994558396e+00
5.541664364411658994e+00
5.541433103305777763e+00
5.539883770893529125e+00
5.536981164794607224e+00
5.538389338660485883e+00
5.538570502369673854e+00
5.537609326470758653e+00
5.539814083846573922e+00
5.540411329760994263e+00
5.536980417585864345e+00
5.537830731303421850e+00
5.534884015309441629e+00
5.533237447443696944e+00
5.534959817670054960e+00
5.533781041804048506e+00
5.535034450059084676e+00
5.533702471821578150e+00
5.536472413957733707e+00
5.532680226355483732e+00
5.534941761764054391e+00
5.531629454229295639e+00
5.532360730711946672e+00
5.532446512241953052e+00
5.533076561603349930e+00
5.532440087229935521e+00
5.532658385247299471e+00
5.531969532524187549e+00
5.530779735329224955e+00
5.530436958234334455e+00
5.530184106728465387e+00
5.531203092988004499e+00
5.529870338046674050e+00
5.530514274675821795e+00
5.528182835923027838e+00
5.527671789385609102e+00
5.528514414718470604e+00
5.526915442083299546e+00
5.527045382666833540e+00
5.527436054858965164e+00
5.526075289421474857e+00
5.527502413877506626e+00
5.527633711234810399e+00
5.524580670386245451e+00
5.524990071955415694e+00
5.524975373572909909e+00
5.525508236639278259e+00
5.526711360695435893e+00
5.524419971348083713e+00
5.524844715275714968e+00
5.524766366506359994e+00
5.521567501972630687e+00
5.524906713937975944e+00
5.524722694121685151e+00
5.521934986114501953e+00
5.523699298347394482e+00
5.522297205384244734e+00
5.523741461567042599e+00
5.521240730875546454e+00
5.519737976113545663e+00
5.522597332590634345e+00
5.521568588374816677e+00
5.519773738900410898e+00
5.520019521418306319e+00
5.520939119083365654e+00
5.519729103009725080e+00
5.518339437307770545e+00
5.521057335371823527e+00
5.517439119594612862e+00
5.520345127459654222e+00
5.518060615382244016e+00
5.517765984092791065e+00
5.517449639507176151e+00
5.517146056460351389e+00
5.517486704993493696e+00
5.516444825634513549e+00
5.516317574019284464e+00
5.518117732608441628e+00
5.518394430888068136e+00
5.517674952438197167e+00
5.513868336825026972e+00
5.516200424469623442e+00
5.515200015195866001e+00
5.515620629812024056e+00
5.515441997764036763e+00
5.514380568081570289e+00
5.512115763634750643e+00
5.511536716185894136e+00
5.514172829303545242e+00
5.516636278211455746e+00
5.513693052468840783e+00
5.511377192035164185e+00
5.512815475463867188e+00
5.513154993352201494e+00
5.511879896380238009e+00
5.513785435981357175e+00
5.511362188870144507e+00
5.512430422084847237e+00
5.515261478030804909e+00
5.511359096802387114e+00
5.509205592047307753e+00
5.509971613736496465e+00
5.509995396604242757e+00
5.509970463428301102e+00
5.511388921246085815e+00
5.509853097581371983e+00
5.510992168151226167e+00
5.510251197618307728e+00
5.508745375367784192e+00
5.510954522594962768e+00
5.509697633920256798e+00
5.509978304204252275e+00
5.510130090811817816e+00
5.507638287298457946e+00
5.505590925511625322e+00
5.507448899377252793e+00
5.506548345703439651e+00
5.505227383879041980e+00
5.508262668688272967e+00
5.506620657812688613e+00
5.508982073400438217e+00
5.503845593363968725e+00
5.507530325466824195e+00
5.507949037650196722e+00
5.506688663639972781e+00
5.505772541478736848e+00
5.505277859795953965e+00
5.505458497509513549e+00
5.505516258711667277e+00
5.504779255267271409e+00
5.502396696621609351e+00
5.503361352940195239e+00
5.504043053105934113e+00
5.505895939069924694e+00
5.503527941163053328e+00
5.504214827547368571e+00
5.504101045352896904e+00
5.504337345201944842e+00
5.502010778053519680e+00
5.502134701640335912e+00
5.501358651623283080e+00
5.501298427581787109e+00
5.505732049647066084e+00
5.501717498621990110e+00
5.503318329447323798e+00
5.503050086424522647e+00
5.501378128209064577e+00
5.502261530492723374e+00
5.502677057207245426e+00
5.500133779860034267e+00
5.498243754672021311e+00
5.501101297201569373e+00
5.501099507833264290e+00
5.499329503049555257e+00
5.499359022710740952e+00
5.498968345602762930e+00
5.500872784054156028e+00
5.498767312040033772e+00
5.501319069223305824e+00
5.500907504681459059e+00
5.497180171848571995e+00
5.498783898107784118e+00
5.499295514883454139e+00
5.497200744668233163e+00
5.500521920390965214e+00
5.499670510439528925e+00
5.500115915672066258e+00
5.499046183124031373e+00
5.496257477199907981e+00
5.497380935039716476e+00
5.495699390922625049e+00
5.496207006198844169e+00
5.493896159929098744e+00
5.496963682862901379e+00
5.495971723930122899e+00
5.497872662298457946e+00
5.496759576895802191e+00
5.493848451634042895e+00
5.496735164799640749e+00
5.494692944988761596e+00
5.498680916029153209e+00
5.495044079023537975e+00
5.495644353099705448e+00
5.494174042927849833e+00
5.496098228336609104e+00
5.496400139995457401e+00
5.496380481523337025e+00
5.494523982411807062e+00
5.494378704385659340e+00
5.494833995386497527e+00
5.493026866126306196e+00
5.493518273854992806e+00
5.494786818002917350e+00
5.495363471434288272e+00
5.492489072465405187e+00
5.492934045103407215e+00
5.492777244331910502e+00
5.493602757601394160e+00
5.494384485421721642e+00
5.493265953260598522e+00
5.493383471498784587e+00
5.493068827796228071e+00
5.491124467751414606e+00
5.493165542169944793e+00
5.493613272598109276e+00
5.494969702258552857e+00
5.492787425051030681e+00
5.494147939780323675e+00
5.492131754295113133e+00
5.492998791724136076e+00
5.492492611875238850e+00
5.493253865192845531e+00
5.493840463382682060e+00
5.491741490118282165e+00
5.490453189181298654e+00
5.489694860792651454e+00
5.490185526228442470e+00
5.490591865224936363e+00
5.489212630950298433e+00
5.490322673443666091e+00
5.489855584410047840e+00
5.492395922080757664e+00
5.491357582131612070e+00
5.489554709994916237e+00
5.490948214973371044e+00
5.490162928079821647e+00
5.488736614738543018e+00
5.490631919546225426e+00
5.491131379432284909e+00
5.490002676383736180e+00
5.488508150749599857e+00
5.489214631700024327e+00
5.489900711885432827e+00
5.486450293629439479e+00
5.488888715960316134e+00
5.487672033998155285e+00
5.488934138386519557e+00
5.488069927569517503e+00
5.490461900062167722e+00
5.485916285170722162e+00
5.490688579598653085e+00
5.489907967675592637e+00
5.490178427745386891e+00
5.487875176459243498e+00
5.488068678944380885e+00
5.487810375764198056e+00
5.488811861608446030e+00
5.486559794121181888e+00
5.487443850212490482e+00
5.485068699748246068e+00
5.488570213317871094e+00
5.488726168563685448e+00
5.487028726597421802e+00
5.486748887091567717e+00
5.489401905807023141e+00
5.486949773178887213e+00
5.485870410486595183e+00
5.488214247005501534e+00
5.486152914381518642e+00
5.488175195516999061e+00
5.486640841690535453e+00
5.485720069138045218e+00
5.484408860354079707e+00
5.485910853159796652e+00
5.487120854485895372e+00
5.486498931019576197e+00
5.485469036495562278e+00
5.485360263549175386e+00
5.485284013846485784e+00
5.483357763781990357e+00
5.485064998115460888e+00
5.486912525806230789e+00
5.484750801754980642e+00
5.486415204313612293e+00
5.485824683277876979e+00
5.485602727870351636e+00
5.486543011419551696e+00
5.483493888501039137e+00
5.483916513698616768e+00
5.484197926275508728e+00
5.484161406448206932e+00
5.485826684027602873e+00
5.486502947266568953e+00
5.484749430233669898e+00
5.485657097138080474e+00
5.483157295541665199e+00
5.485365847951357843e+00
5.486301338549742113e+00
5.482004696560888846e+00
5.483477194284655631e+00
5.484128789803416559e+00
5.481503407979748665e+00
5.484874828574583638e+00
5.482839977618345628e+00
5.483592505307541387e+00
5.483614690525016044e+00
5.483325899261789260e+00
5.482049214471246934e+00
5.482748872226046899e+00
5.483594510973114566e+00
5.482301933249247305e+00
5.483951814395865654e+00
5.481580336069323600e+00
5.483223738129606062e+00
5.482412485732245599e+00
5.483385036901100129e+00
5.482700519955034935e+00
5.483479081969900193e+00
5.481945701481140354e+00
5.482580996051277467e+00
5.484270764380386076e+00
5.480636803145261027e+00
5.482200239122528629e+00
5.482812842142950949e+00
5.478401823142140081e+00
5.481988685647237070e+00
5.481516567702145792e+00
5.481417636281435968e+00
5.483053571170138696e+00
5.482237766698463410e+00
5.479946534658215462e+00
5.483565881080234128e+00
5.481204042729642900e+00
5.480867916775732596e+00
5.482199403428539952e+00
5.483284827360172642e+00
5.480515907720191926e+00
5.481052501914427388e+00
5.479946323276794651e+00
5.482718266162676102e+00
5.481954073168568087e+00
5.482060579909491693e+00
5.478738745463263449e+00
5.480789607333154123e+00
5.478880312024932309e+00
5.480811065005273264e+00
5.482100255710562919e+00
5.480712689075273758e+00
5.480412099779266910e+00
5.478711398606447958e+00
5.479508134507641515e+00
5.479477233493451394e+00
5.478597926110336580e+00
5.480566924380273264e+00
5.479746223724994536e+00
5.479580318804869066e+00
5.477949614377365606e+00
5.481627592106455005e+00
5.481440735846450529e+00
5.480101187204577506e+00
5.480932093158211060e+00
5.479061102129749727e+00
5.478614816960599931e+00
5.480518739248059212e+00
5.478768211050131676e+00
5.480669095344150143e+00
5.482047031835182160e+00
5.479514711910915992e+00
5.480217156950960344e+00
5.479848129233134024e+00
5.478827840274142602e+00
5.479037840341784538e+00
5.477414037763457699e+00
5.478437345052502572e+00
5.476024204922705252e+00
5.481174080642228219e+00
5.476462541167268938e+00
5.478632420608677833e+00
5.477233709748258406e+00
5.478605909445851019e+00
5.478897841935305379e+00
5.476400168900637411e+00
5.478008874912851489e+00
5.477760506659438811e+00
5.479282964136182876e+00
5.478288965126902887e+00
5.480475745250269703e+00
5.478883694127662629e+00
5.479296998879344294e+00
5.482271617220849436e+00
5.479296394230163791e+00
5.479011216114476390e+00
5.478009204274600030e+00
5.478225231170654297e+00
5.476755510900438217e+00
5.477386312386424372e+00
5.477772992910797889e+00
5.478528140746441011e+00
5.476633706043675609e+00
5.479439887803854603e+00
5.478036285675678130e+00
5.480695577011895026e+00
5.479393039782022967e+00
5.478615903362785033e+00
5.476509738214237366e+00
5.477073158185506330e+00
5.477648282788463163e+00
5.478100353909521658e+00
5.476098837311734968e+00
5.479048601130849683e+00
5.479027015646708243e+00
5.479104420573441381e+00
5.475870191436452927e+00
5.477549715140431097e+00
5.476309800885386991e+00
5.475320889777743893e+00
5.477532588329511398e+00
5.476557648059019456e+00
5.476316476605601835e+00
5.478334938127970233e+00
5.477592748464997108e+00
5.477550501675949590e+00
5.476748294437054909e+00
5.475184548761427017e+00
5.476273217152074047e+00
5.475600581808188316e+00
5.475572630302193211e+00
5.478615967268796183e+00
5.479116587294745599e+00
5.477578389275934434e+00
5.477075699678401577e+00
5.477248270487048210e+00
5.477039435475142604e+00
5.476392156070041040e+00
5.477817446915144828e+00
5.477502523009309954e+00
5.475666001899955226e+00
5.478842543572494783e+00
5.478135831577262138e+00
5.477423284471649723e+00
5.476084915633053996e+00
5.475057375799749160e+00
5.478441307225177859e+00
5.476759497652349040e+00
5.478763860525543983e+00
5.476780999567091079e+00
5.476073235580601661e+00
5.475562130053019061e+00
5.475693024310869461e+00
5.474328390101796948e+00
5.476031549198111748e+00
5.474465797856910676e+00
5.477800983743569496e+00
5.476416597661283525e+00
5.474464903172758135e+00
5.475641186704340413e+00
5.474779512464385434e+00
5.474035852963162085e+00
5.475570187126238331e+00
5.477081633105720826e+00
5.474915804322233015e+00
5.476364347123608312e+00
5.475960780664817840e+00
5.475647537978654000e+00
5.477106305741772374e+00
5.476289193654797494e+00
5.478129593367428996e+00
5.472455005055850030e+00
5.474654512307078669e+00
5.476003710756597087e+00
5.477061841905731754e+00
5.476136758155429440e+00
5.474673590709254078e+00
5.476544095068862639e+00
5.476917306172478739e+00
5.472779214996652541e+00
5.474217906440656201e+00
5.475213272055399649e+00
5.476585009663375025e+00
5.476229584094175706e+00
5.476596035908177562e+00
5.476401850120308445e+00
5.475585273860656521e+00
5.475386349196286417e+00
5.476114779403529198e+00
5.473974168915109573e+00
5.474236045916056170e+00
5.476439058166189255e+00
5.475170867959248788e+00
5.476530699385810053e+00
5.475120043017200899e+00
5.472598945971617113e+00
5.474663508307073378e+00
5.473590575542646164e+00
5.475347592658603268e+00
5.473638598451909587e+00
5.475416090070586606e+00
5.476705713370411566e+00
5.477242533693608806e+00
5.476403285547630340e+00
5.475498096230103862e+00
5.474545242860145322e+00
5.475304269299064330e+00
5.476864416574694694e+00
5.474716299587917945e+00
5.473042753553881923e+00
5.478158970469052313e+00
5.472980450109107942e+00
5.475319385528564453e+00
5.477945553887750840e+00
5.473711313660611921e+00
5.473561011638837570e+00
5.478247495041680182e+00
5.474967445294881330e+00
5.472251665960881972e+00
5.476150144006788345e+00
5.474563996816418587e+00
5.473515402410447983e+00
5.476232912122588559e+00
5.475367654230177017e+00
5.475706149622337371e+00
5.477055593864204930e+00
5.473421726030172962e+00
5.474619693362836159e+00
5.474697693107054342e+00
5.472556615613170194e+00
5.475164133248870080e+00
5.474226563247208688e+00
5.475817419818995724e+00
5.474804843823934064e+00
5.473569226019161071e+00
5.474119702565301004e+00
5.474063858543474659e+00
5.475677903165522054e+00
5.475870643694376483e+00
5.474923522202010062e+00
5.472827228074221395e+00
5.475755332671489839e+00
5.473700203846409984e+00
5.475860389237551473e+00
5.473533650034482001e+00
5.475140571594238281e+00
5.475880136194917647e+00
5.475256875618216945e+00
5.476554457674321696e+00
5.472894707905877176e+00
5.476339841626353788e+00
5.474799667437052264e+00
5.476755034063280014e+00
5.475220498350477527e+00
5.476220706074507838e+00
5.472621086946467983e+00
5.474767257257835418e+00
5.475804795923921553e+00
5.474256441765224857e+00
5.471796591257311881e+00
5.476346379702853540e+00
5.474402516158585641e+00
5.475025658754958613e+00
5.474978628846788098e+00
5.474438318272226489e+00
5.475047008278443705e+00
5.473418456991923087e+00
5.472895037267625717e+00
5.474244894440641218e+00
5.476830379250123393e+00
5.474291010001270941e+00
5.474350752289762312e+00
5.477974522974073501e+00
5.472358044889784168e+00
5.476505077991289383e+00
5.475123302223756205e+00
5.475394150645462865e+00
5.474493891922469047e+00
5.474466033817566135e+00
5.477494844456308520e+00
5.474766534628327186e+00
5.473465118211569447e+00
5.473676843741505316e+00
5.475825393322816481e+00
5.473993070346793388e+00
5.472884419038123838e+00
5.474246880442826146e+00
