6.335909509167228393e+00
6.093774328526762041e+00
6.007306600354381132e+00
5.959379731994314255e+00
5.924003492925584702e+00
5.898347879193492460e+00
5.877725163685906473e+00
5.857132557741145718e+00
5.844569388124131848e+00
5.830716482142812573e+00
5.815925352352181221e+00
5.803085676173574292e+00
5.796297471547863900e+00
5.783457844527726266e+00
5.776686181727144209e+00
5.767699669316871613e+00
5.758838658480300410e+00
5.752258566236987392e+00
5.742855081853178056e+00
5.734921475046689032e+00
5.728833788449001929e+00
5.721806049346923828e+00
5.717128896221671752e+00
5.705239350033789236e+00
5.702689411713905088e+00
5.697505891937570510e+00
5.687998398063109029e+00
5.685447029231750271e+00
5.683310661119284291e+00
5.674062222549595802e+00
5.669593373524773661e+00
5.663965485759617557e+00
5.663203898164415051e+00
5.658365952599909043e+00
5.653987107817659563e+00
5.649235371461848843e+00
5.640215185499682704e+00
5.639998829241880784e+00
5.636148069322723941e+00
5.632847333691783476e+00
5.628118770638692148e+00
5.625693729243328001e+00
5.622242101688974536e+00
5.620431555915124555e+00
5.619399562324445263e+00
5.616232267360097730e+00
5.613573497103661936e+00
5.609898640937411862e+00
5.606432580456290893e+00
5.602957012727088681e+00
5.600555670630071425e+00
5.596476372984266590e+00
5.595297474222085121e+00
5.592062758416244783e+00
5.590706137037768642e+00
5.587620494291954287e+00
5.585071612879173308e+00
5.582975456395099734e+00
5.578619357236881626e+00
5.580479130302507862e+00
5.578267608721231952e+00
5.573862523147740333e+00
5.571275853619132690e+00
5.568975571504573452e+00
5.570108300631808618e+00
5.565310355314274204e+00
5.563855884001426944e+00
5.564442374042628536e+00
5.562018330564203694e+00
5.558842708155052215e+00
5.558530404395663815e+00
5.554182303320501113e+00
5.553130759406335493e+00
5.554159346315049817e+00
5.551457478828036862e+00
5.548734999194588013e+00
5.548194206867021805e+00
5.548018986416845877e+00
5.545787806363449590e+00
5.544202150757779890e+00
5.542718258100686413e+00
5.541273874105866248e+00
5.544098062613575628e+00
5.539673053112226242e+00
5.541574207777829386e+00
5.537577663500284686e+00
5.536798275623125321e+00
5.532527053479066481e+00
5.534152802732801746e+00
5.532034790393003831e+00
5.531940710913274550e+00
5.528217133787489246e+00
5.529234856674351661e+00
5.529356386243682309e+00
5.524852211942377522e+00
5.525791777777917524e+00
5.525718934757193779e+00
5.521083158316071327e+00
5.524629809192775021e+00
5.524494298954599536e+00
5.519809162493833909e+00
5.517703513509219171e+00
5.517415666088615112e+00
5.517438741074395026e+00
5.517488907292945832e+00
5.515688620891767258e+00
5.514008861227133629e+00
5.514246085255416041e+00
5.513153779137994981e+00
5.513235908193686363e+00
5.513749628951869042e+00
5.510384338418233163e+00
5.510646539865081017e+00
5.507440621090918142e+00
5.507275920553305504e+00
5.509103175291080845e+00
5.507985980240340140e+00
5.506131118105859201e+00
5.504448989002974635e+00
5.503484942249415646e+00
5.502721314577712519e+00
5.503532537479990161e+00
5.502007484436035156e+00
5.503183173150131502e+00
5.499857022590243893e+00
5.500176351094983040e+00
5.500533526705712717e+00
5.498523992361481483e+00
5.495969733012091574e+00
5.497081835245348991e+00
5.497397521107466822e+00
5.496568743715581462e+00
5.494577088306859203e+00
5.496777141217103591e+00
5.493406000825547864e+00
5.494243159736554638e+00
5.491832929788176720e+00
5.493922479373892998e+00
5.492572464893773265e+00
5.494067354300587347e+00
5.491488048710773562e+00
5.490477945386748715e+00
5.488455438122306518e+00
5.491744891884400737e+00
5.485879858744513449e+00
5.486108711085369016e+00
5.485047261739514290e+00
5.486692644886134396e+00
5.488119764426319769e+00
5.485578718873643567e+00
5.486915411408414656e+00
5.486476917856747626e+00
5.482902674330878412e+00
5.483921547525937079e+00
5.481653007035403036e+00
5.484017322972877473e+00
5.484681483396549595e+00
5.481252886585353146e+00
5.482513516219620797e+00
5.477725599229950504e+00
5.478172115443908474e+00
5.479067089631385556e+00
5.479049476151613973e+00
5.479049623627023635e+00
5.476179363801307431e+00
5.477059639606279617e+00
5.474450347349815615e+00
5.475883734594915175e+00
5.475160397205156571e+00
5.474450632468941258e+00
5.473295182296910255e+00
5.472544429228477725e+00
5.475866440645198452e+00
5.476282871875566727e+00
5.474945392805276256e+00
5.473646748926221939e+00
5.469858346526155657e+00
5.473149161977866051e+00
5.470754436610900662e+00
5.471307356332995475e+00
5.469757217721840981e+00
5.470176264182808445e+00
5.469382925131886175e+00
5.467555124735095085e+00
5.470651311972706488e+00
5.466399576246123715e+00
5.471030869434788890e+00
5.468575477600097656e+00
5.465872857988495426e+00
5.465872740008167696e+00
5.463914153502159365e+00
5.464034449193895249e+00
5.467168001784491693e+00
5.462496555957597977e+00
5.467133802236969764e+00
5.464273472422177313e+00
5.466136917625505909e+00
5.462356695194833911e+00
5.464034822798266688e+00
5.464658850247097632e+00
5.461629405464093701e+00
5.463121556744132690e+00
5.462000035748038940e+00
5.459876414426823032e+00
5.460241538962137930e+00
5.458636745964128956e+00
5.460786937438335542e+00
5.461238856168137090e+00
5.459003610709278753e+00
5.457961195522976539e+00
5.458569374281106334e+00
5.458745042073357645e+00
5.458222698919551696e+00
5.456638626216613552e+00
5.455079034431693508e+00
5.457078683007623887e+00
5.456478246708505786e+00
5.457017166098368399e+00
5.455098805968294329e+00
5.456530752870225598e+00
5.456637972408962867e+00
5.455846727508859573e+00
5.456367473012392999e+00
5.451521824315650910e+00
5.453944987857465065e+00
5.454280263369845727e+00
5.452654872972940936e+00
5.453112292535526429e+00
5.449894157881589152e+00
5.450634966191556963e+00
5.451234448816358658e+00
5.453103375189082946e+00
5.448599839947886991e+00
5.451990147226864813e+00
5.447438864363837396e+00
5.451137021644828273e+00
5.448929324592511669e+00
5.451888536669544649e+00
5.448835692454859547e+00
5.450875852525848941e+00
5.447479410269825628e+00
5.446795886324853342e+00
5.447131265070020767e+00
5.448689308363137584e+00
5.447488145729930231e+00
5.445973932128591599e+00
5.445836647269651998e+00
5.445959464790894877e+00
5.445888371811699713e+00
5.443224636549802042e+00
5.444485177698823897e+00
5.445586243855584208e+00
5.445035614918187328e+00
5.441895907687158029e+00
5.443811200328709354e+00
5.445388400677552809e+00
5.443018023500737712e+00
5.446181262891316877e+00
5.444354170376492164e+00
5.443919452195315145e+00
5.443236759028484251e+00
5.442796358128183520e+00
5.442512969380801202e+00
5.442759277894325010e+00
5.444137740380985413e+00
5.440405123012581612e+00
5.441470834397778233e+00
5.441655286808603442e+00
5.441851458598658375e+00
5.440643580918459676e+00
5.438926269098655730e+00
5.440050449567971569e+00
5.437500353940983189e+00
5.440700378614602428e+00
5.436111346962525737e+00
5.442079367096891218e+00
5.439265551026334578e+00
5.434983169909605394e+00
5.437375589744331883e+00
5.438051793993134098e+00
5.438806243778503635e+00
5.433813812806434385e+00
5.436256679062990926e+00
5.436544379008185324e+00
5.436574478739315985e+00
5.437644171960575257e+00
5.436067173161457156e+00
5.432485314988598546e+00
5.434829308814609128e+00
5.436458317274899699e+00
5.434330950078275713e+00
5.433311236273381972e+00
5.433616412054631972e+00
5.432382229677180874e+00
5.432977922183951591e+00
5.434126205051068581e+00
5.431568135920259444e+00
5.432192645122095875e+00
5.434245070231329855e+00
5.432555321565608608e+00
5.432488367729580325e+00
5.433552211092919748e+00
5.433228605801296851e+00
5.432322625032405483e+00
5.433012244627647647e+00
5.433364347084281398e+00
5.428940704188396360e+00
5.431517812394604405e+00
5.431058868919451221e+00
5.429648650061223769e+00
5.431329668182687698e+00
5.429759679381380266e+00
5.429998874664306641e+00
5.430654584746999802e+00
5.425212250542394976e+00
5.430237352233572068e+00
5.428255907039052808e+00
5.428706060979783921e+00
5.426459563147161269e+00
5.425280723375143666e+00
5.427461658556437030e+00
5.427321050584930973e+00
5.428949464227735611e+00
5.425064298295483312e+00
5.425724811160687722e+00
5.426551563223612540e+00
5.426566079719779445e+00
5.426080811883985611e+00
5.424588449222525810e+00
5.426639507726295442e+00
5.427386190473418637e+00
5.424518398402892849e+00
5.424387715526463261e+00
5.423508378648266515e+00
5.425386364926996663e+00
5.424329973987696896e+00
5.423929342289560473e+00
5.423971151568226290e+00
5.424410574214974190e+00
5.424447393908943482e+00
5.423155696121687797e+00
5.424358063137407981e+00
5.423236876418910057e+00
5.424172961834779372e+00
5.422204450233695461e+00
5.423011160388435670e+00
5.420745299034511966e+00
5.421385111268033796e+00
5.425407281855947339e+00
5.421254880649527763e+00
5.421669778135633777e+00
5.422265524716721075e+00
5.420775251290232966e+00
5.421655684402308495e+00
5.419983745850238677e+00
5.419841245277640773e+00
5.422096512981297245e+00
5.421154646529364740e+00
5.418652608222568112e+00
5.420678443515424050e+00
5.417197748557808445e+00
5.418903316419148908e+00
5.419562221802387114e+00
5.419959977730033351e+00
5.417935646686357742e+00
5.417250647987287060e+00
5.420724883521955029e+00
5.420402802142900711e+00
5.419575858361942444e+00
5.417499571731410057e+00
5.418028202253518444e+00
5.417310557414576344e+00
5.418523006832476341e+00
5.417581553311691778e+00
5.414473243595398166e+00
5.415651021544466204e+00
5.418160876047980246e+00
5.416438692623806617e+00
5.415012585748102403e+00
5.418515441343956240e+00
5.416669063961382591e+00
5.415623281419891910e+00
5.417251626240838114e+00
5.414403566380136645e+00
5.415269379763259394e+00
5.413604461040693039e+00
5.415098676976469072e+00
5.415663178434076741e+00
5.416939848477078101e+00
5.415522024803554935e+00
5.416566367001877325e+00
5.413490088944582723e+00
5.414778271901238504e+00
5.412999870850867978e+00
5.415831275821960666e+00
5.414123628557343082e+00
5.414914096753621564e+00
5.416015993688524155e+00
5.414645691507870673e+00
5.414966696316433570e+00
5.414470711934197489e+00
5.414065941092894185e+00
5.412587814724322044e+00
5.414363202360487293e+00
5.411300138099906398e+00
5.411466745986151849e+00
5.412457938046799200e+00
5.410083323409876854e+00
5.412073754772697143e+00
5.411793610484330053e+00
5.414846449783167870e+00
5.411084863328442296e+00
5.412715144993103245e+00
5.409384693067098127e+00
5.408737020394236872e+00
5.411793934930231309e+00
5.410536997097054268e+00
5.410537129824923852e+00
5.408649361010679613e+00
5.410772992163589201e+00
5.409064096273834998e+00
5.409614395849483337e+00
5.409466945018964523e+00
5.409475842702019754e+00
5.410276761989003980e+00
5.408192536265580053e+00
5.408858441814933471e+00
5.410307368052374777e+00
5.412432665677414434e+00
5.407771921649421998e+00
5.407392816445262262e+00
5.408823642534079212e+00
5.410665472758185324e+00
5.407874200761932926e+00
5.406983699995217663e+00
5.407565923081230963e+00
5.408071660503898315e+00
5.409645503329247873e+00
5.408270127994498466e+00
5.407283040666088780e+00
5.406699219929802958e+00
5.408457510250130440e+00
5.407518160711858535e+00
5.406842005621526503e+00
5.409707860848338434e+00
5.405394052721790743e+00
5.407838762420968948e+00
5.406198860443744536e+00
5.405875535355400885e+00
5.405561845327160775e+00
5.405480999307534340e+00
5.406248254874317816e+00
5.407472345017895421e+00
5.405605247340251829e+00
5.404541772665436561e+00
5.404785574096994338e+00
5.405420598295545886e+00
5.407415286781861674e+00
5.406385131717956760e+00
5.405765626848358707e+00
5.405049471511054193e+00
5.405341408916355839e+00
5.405944234317111352e+00
5.406104599077677264e+00
5.404548404143028506e+00
5.406181940098398364e+00
5.405479190275841006e+00
5.403401817243123517e+00
5.403965974591441679e+00
5.404867771974544155e+00
5.402680883702543291e+00
5.403831196814468107e+00
5.404777743152735958e+00
5.405961611836226588e+00
5.403680988193786838e+00
5.405590897982882836e+00
5.401714428183958638e+00
5.402797177894828273e+00
5.405227203959042548e+00
5.401967722116057580e+00
5.403538231997146113e+00
5.402892569905703546e+00
5.403555771739212865e+00
5.404414727515781003e+00
5.403843053837412036e+00
5.402523625757276626e+00
5.402755481680643790e+00
5.401817759287726339e+00
5.402593651997674051e+00
5.403232461398410180e+00
5.401317576772158624e+00
5.404428890070964719e+00
5.403535429964360759e+00
5.401065059543884495e+00
5.404461378903732793e+00
5.401370554855189354e+00
5.401496931449654149e+00
5.402615207986733559e+00
5.402123416821980939e+00
5.399851273015602082e+00
5.403357923645334182e+00
5.400777452999783179e+00
5.401219884144890848e+00
5.401703854197079657e+00
5.400809381425995426e+00
5.400060461968490877e+00
5.400453734643680725e+00
5.401696441099815615e+00
5.401445167580830820e+00
5.401944425917163173e+00
5.397075274555953150e+00
5.399767438161004129e+00
5.399337596500043190e+00
5.399218303641093009e+00
5.400008521129175953e+00
5.400155421384830845e+00
5.399851184530356285e+00
5.399805909579562524e+00
5.398547398675348497e+00
5.397771176603651355e+00
5.400197289653660526e+00
5.398247885949833069e+00
5.398902971719958366e+00
5.398607086889522400e+00
5.396592941480813366e+00
5.398676734609701988e+00
5.398683951073086185e+00
5.396573971227272004e+00
5.399950174941229974e+00
5.398735419991090190e+00
5.399776542309632887e+00
5.402757605326544699e+00
5.399659845017895421e+00
5.395835689662658474e+00
5.398390799453578026e+00
5.398943547121028530e+00
5.398052594096390600e+00
5.396483327924590512e+00
5.398007712413355641e+00
5.398149077425298259e+00
5.398021348972910083e+00
5.400013702431905038e+00
5.395700326899892652e+00
5.398997990126462199e+00
5.398006640758710617e+00
5.399541343610311017e+00
5.397529159624552264e+00
5.399426558583052760e+00
5.398445149057919501e+00
5.397697374992763919e+00
5.396746424055590907e+00
5.396570028717984968e+00
5.398372016002222828e+00
5.399253166827959305e+00
5.398076244236267307e+00
5.394950822456595851e+00
5.398632742694972286e+00
5.396210208381574169e+00
5.396285858350930553e+00
5.397298449093533179e+00
5.396469425909297790e+00
5.397248720385364962e+00
5.393863299458296900e+00
5.395337311262936808e+00
5.398541735619613924e+00
5.395529938727309904e+00
5.394493417641551325e+00
5.397467215036608756e+00
5.397093310798566357e+00
5.395545620279214027e+00
5.395111305197489493e+00
5.394241686948795689e+00
5.396020682816653036e+00
5.394752836719002076e+00
5.392767286792244263e+00
5.393377082864033945e+00
5.393366666184258307e+00
5.395375876082587396e+00
5.394610847394490705e+00
5.396100368696389538e+00
5.394511478463399179e+00
5.397987911381671999e+00
5.394573172343146261e+00
5.395340678618126162e+00
5.394823477440273685e+00
5.391821684296598249e+00
5.393358078199563366e+00
5.393048763275146484e+00
5.393842205558855518e+00
5.395479231765589745e+00
5.395589907144763053e+00
5.394777342216255711e+00
5.395061950093691827e+00
5.393972721296487194e+00
5.396243144556419402e+00
5.392492274648135187e+00
5.393490260409325998e+00
5.394945788629276429e+00
5.393119143456527986e+00
5.392623945609810399e+00
5.392384779821965957e+00
5.391053126030361575e+00
5.393469422133927438e+00
5.392352526949853342e+00
5.394141162793660627e+00
5.394782779143028506e+00
5.394141452828633554e+00
5.393990964004673927e+00
5.394437544124642159e+00
5.395310175787542128e+00
5.394713613175854405e+00
5.395346813595171653e+00
5.391935456659376236e+00
5.393638202824543093e+00
5.393828706643016169e+00
5.394284213941121564e+00
5.391276782320947092e+00
5.392826552243576543e+00
5.393566259403818286e+00
5.393128218110074812e+00
5.395850019356639216e+00
5.393437803406076370e+00
5.393073101633603095e+00
5.392605383371569694e+00
5.391831609391674718e+00
5.393442566861811116e+00
5.395527377571027294e+00
5.393412998042156126e+00
5.392091839583878610e+00
5.393885317536973645e+00
5.391975068554435424e+00
5.392967479745137460e+00
5.392732094243629426e+00
5.392319030368451394e+00
5.394336130201201840e+00
5.394149028148847336e+00
5.392351764993569496e+00
5.392352866143295564e+00
5.392094671111745896e+00
5.391211072194207254e+00
5.392687763135457502e+00
5.391396355383174743e+00
5.392724204309208069e+00
5.393975665888835813e+00
5.389615624221329782e+00
5.392250700095265081e+00
5.390096684092099188e+00
5.392539216071059904e+00
5.390074071195936511e+00
5.394010312778434013e+00
5.394119174210066703e+00
5.391031442229280657e+00
5.391503078421366446e+00
5.391019634364806912e+00
5.392109349830863430e+00
5.391727285286814997e+00
5.392050934821059904e+00
5.390689692546412282e+00
5.390391684070076295e+00
5.391750379935982274e+00
5.392545886875427463e+00
5.391074200266415595e+00
5.390663358354077062e+00
5.392273352318203372e+00
5.391227771326438933e+00
5.391056316415059335e+00
5.391715615066056344e+00
5.391119101612837916e+00
5.393062311349456017e+00
5.388709407491782066e+00
5.391387044768972459e+00
5.388412878685390872e+00
5.393458238582021558e+00
5.391359860135107596e+00
5.390931616124418291e+00
5.392635940276470308e+00
5.390161470039603664e+00
5.391374460200673902e+00
5.393652940533824491e+00
5.391160463549427462e+00
5.392073552633068978e+00
5.390914341838089818e+00
5.388393131728024699e+00
5.390406888784821327e+00
5.390410728061322487e+00
5.390380205567350203e+00
5.392171436978369314e+00
5.390296365796904965e+00
5.390986157446792326e+00
5.389664207537149920e+00
5.390102175093188563e+00
5.391423456447640206e+00
5.390238117925899353e+00
5.392414850058014686e+00
5.389310001098003511e+00
5.392346106853681320e+00
5.391233463877255438e+00
5.388092399872455474e+00
5.390447729641628882e+00
5.389685699620197390e+00
5.391166991794232644e+00
5.390520179394593825e+00
5.390528659230654718e+00
5.391598504843170936e+00
5.392303756831847927e+00
5.391174252500238850e+00
5.391701290287921999e+00
5.389740752190658846e+00
5.391574294296736625e+00
5.390435499014313514e+00
5.390547452513704485e+00
5.392218643857031424e+00
5.390130092188255340e+00
5.388411418678834330e+00
5.387794779748031893e+00
5.388996242247905855e+00
5.390311762229683445e+00
5.391288727829136818e+00
5.392328006705057852e+00
5.390475897444892084e+00
5.388335193555379377e+00
5.390433370452566209e+00
5.391778945922851562e+00
5.389117147504668637e+00
5.390726335269889091e+00
5.390284149917130563e+00
5.389952089368682309e+00
5.390846424496050560e+00
5.389194503272931591e+00
5.390460958185884444e+00
5.390073092942385458e+00
5.390068496625447736e+00
5.388096263728191282e+00
5.389817768765478689e+00
5.392405328062391590e+00
5.392275751251535354e+00
5.390779662378055725e+00
5.389202693074019557e+00
5.388225697979484252e+00
5.392427886884236798e+00
5.387925846060526602e+00
5.389160991943988677e+00
5.387883476375304959e+00
5.390888572968158599e+00
5.389665603637695312e+00
5.389606244785269951e+00
5.389821401576406323e+00
5.388937261915698329e+00
5.390158215748894754e+00
5.389947979720597360e+00
5.390456170150914161e+00
5.389383758466268048e+00
5.389904661276905706e+00
5.390595465591273339e+00
5.390228940039565764e+00
5.388033080346805725e+00
5.388920911808603442e+00
5.389110717576803822e+00
5.386812927796668760e+00
5.388306288375067865e+00
5.391211376976721148e+00
5.390577129481994412e+00
5.389541208129568162e+00
5.392343299905049570e+00
5.388326900521504648e+00
5.389920269091104998e+00
5.392500066265617065e+00
5.387881677175305306e+00
5.390276264898555603e+00
5.391683367109790126e+00
5.388288910855951741e+00
5.390046262249503783e+00
5.390399578920344936e+00
5.388878851821742089e+00
5.388506102807743225e+00
5.392040596794836382e+00
5.390773379925599684e+00
5.388312211970693433e+00
5.388514341767301374e+00
5.387300039075084257e+00
5.392161315249413889e+00
5.390827439494969120e+00
5.388166486602468552e+00
5.389873602955611354e+00
5.387285788034655631e+00
5.389566008577642009e+00
5.388673433323496020e+00
5.387424493573375273e+00
5.390498274380398414e+00
5.389331724225860043e+00
5.390932019223871663e+00
5.391061492801941135e+00
5.391676622567717736e+00
5.388902157852330177e+00
5.387663349662859424e+00
5.390285403458113578e+00
5.391272800484883554e+00
5.388658381000007935e+00
5.389184032518839373e+00
5.388959540534265180e+00
